0.0 0.0
0.005 0.13000595846942914
0.01 0.2600216675550238
0.015 0.3900438773583599
0.02 0.5200693374934655
0.025 0.6500947971680431
0.030000000000000002 0.7801170052647117
0.035 0.9101327104222635
0.04 1.0401386611169359
0.045 1.170131605743695
0.049999999999999996 1.3001082926975307
0.05499999999999999 1.4300654704547577
0.05999999999999999 1.5599998876543237
0.06499999999999999 1.6899082931791227
0.06999999999999999 1.8197874362373088
0.075 1.9496340664436105
0.08 2.0794449339006422
0.085 2.209216789280214
0.09000000000000001 2.3389463839046343
0.09500000000000001 2.468630469828
0.10000000000000002 2.598265799917486
0.10500000000000002 2.727849127934611
0.11000000000000003 2.8573772086164997
0.11500000000000003 2.9868467977571216
0.12000000000000004 3.116254652288513
0.12500000000000003 3.2455975303619824
0.13000000000000003 3.3748721914292874
0.13500000000000004 3.504075396323794
0.14000000000000004 3.6332039073416027
0.14500000000000005 3.762254488322649
0.15000000000000005 3.891223904731779
0.15500000000000005 4.0201089237397785
0.16000000000000006 4.148906314304389
0.16500000000000006 4.277612847251257
0.17000000000000007 4.406225295354881
0.17500000000000007 4.534740433419484
0.18000000000000008 4.663155038359864
0.18500000000000008 4.7914658892821995
0.19000000000000009 4.919669767564792
0.1950000000000001 5.04776345693878
0.2000000000000001 5.175743743568787
0.2050000000000001 5.303607416133526
0.2100000000000001 5.431351265906344
0.2150000000000001 5.558972086835714
0.2200000000000001 5.686466675625661
0.22500000000000012 5.813831831816137
0.23000000000000012 5.9410643578633255
0.23500000000000013 6.0681610592198805
0.24000000000000013 6.195118744415108
0.24500000000000013 6.32193422513507
0.2500000000000001 6.448604316302618
0.2550000000000001 6.575125836157352
0.2600000000000001 6.70149560633552
0.2650000000000001 6.827710451949814
0.27000000000000013 6.953767201669113
0.27500000000000013 7.079662687798127
0.28000000000000014 7.2053937463569655
0.28500000000000014 7.330957217160625
0.29000000000000015 7.456349943898376
0.29500000000000015 7.581568774213084
0.30000000000000016 7.706610559780409
0.30500000000000016 7.831472156387936
0.31000000000000016 7.956150424014208
0.31500000000000017 8.080642226907651
0.3200000000000002 8.204944433665409
0.3250000000000002 8.329053917312066
0.3300000000000002 8.452967555378299
0.3350000000000002 8.576682229979372
0.3400000000000002 8.700194827893577
0.3450000000000002 8.82350224064053
0.3500000000000002 8.946601364559362
0.3550000000000002 9.069489100886827
0.3600000000000002 9.192162355835258
0.3650000000000002 9.314618040670407
0.3700000000000002 9.43685307178921
0.3750000000000002 9.558864370797378
0.3800000000000002 9.680648864586903
0.38500000000000023 9.802203485413413
0.39000000000000024 9.923525170973422
0.39500000000000024 10.044610864481452
0.40000000000000024 10.165457514746992
0.40500000000000025 10.286062076251364
0.41000000000000025 10.40642150922444
0.41500000000000026 10.526532779721226
0.42000000000000026 10.646392859698281
0.42500000000000027 10.765998727090055
0.43000000000000027 10.885347365885018
0.4350000000000003 11.004435766201698
0.4400000000000003 11.123260924364534
0.4450000000000003 11.241819842979627
0.4500000000000003 11.360109531010275
0.4550000000000003 11.47812700385244
0.4600000000000003 11.595869283409975
0.4650000000000003 11.713333398169775
0.4700000000000003 11.8305163832767
0.4750000000000003 11.94741528060841
0.4800000000000003 12.06402713884997
0.4850000000000003 12.18034901356834
0.4900000000000003 12.296377967286682
0.49500000000000033 12.412111069558508
0.5000000000000003 12.527545397041646
0.5050000000000003 12.642678033572057
0.5100000000000003 12.757506070237445
0.5150000000000003 12.872026605450753
0.5200000000000004 12.986236745023406
0.5250000000000004 13.100133602238442
0.5300000000000004 13.213714297923433
0.5350000000000004 13.326975960523221
0.5400000000000004 13.439915726172487
0.5450000000000004 13.552530738768128
0.5500000000000004 13.664818150041441
0.5550000000000004 13.776775119630127
0.5600000000000004 13.8883988151501
0.5650000000000004 13.999686412267112
0.5700000000000004 14.110635094768153
0.5750000000000004 14.221242054632722
0.5800000000000004 14.331504492103806
0.5850000000000004 14.441419615758756
0.5900000000000004 14.550984642579884
0.5950000000000004 14.66019679802491
0.6000000000000004 14.76905331609717
0.6050000000000004 14.877551439415633
0.6100000000000004 14.985688419284722
0.6150000000000004 15.093461515763888
0.6200000000000004 15.200867997737008
0.6250000000000004 15.307905142981557
0.6300000000000004 15.414570238237543
0.6350000000000005 15.520860579276281
0.6400000000000005 15.626773470968876
0.6450000000000005 15.732306227354536
0.6500000000000005 15.83745617170866
0.6550000000000005 15.942220636610667
0.6600000000000005 16.046596964011638
0.6650000000000005 16.1505825053017
0.6700000000000005 16.25417462137721
0.6750000000000005 16.357370682707693
0.6800000000000005 16.46016806940253
0.6850000000000005 16.562564171277447
0.6900000000000005 16.664556387920737
0.6950000000000005 16.766142128759274
0.7000000000000005 16.867318813124246
0.7050000000000005 16.968083870316693
0.7100000000000005 17.068434739672774
0.7150000000000005 17.168368870628804
0.7200000000000005 17.26788372278601
0.7250000000000005 17.366976765975103
0.7300000000000005 17.465645480320546
0.7350000000000005 17.56388735630459
0.7400000000000005 17.66169989483106
0.7450000000000006 17.759080607288887
0.7500000000000006 17.85602701561536
0.7550000000000006 17.952536652359182
0.7600000000000006 18.048607060743194
0.7650000000000006 18.144235794726868
0.7700000000000006 18.239420419068576
0.7750000000000006 18.334158509387514
0.7800000000000006 18.428447652225454
0.7850000000000006 18.52228544510814
0.7900000000000006 18.615669496606465
0.7950000000000006 18.708597426397418
0.8000000000000006 18.801066865324625
0.8050000000000006 18.893075455458792
0.8100000000000006 18.98462085015772
0.8150000000000006 19.075700714126143
0.8200000000000006 19.166312723475244
0.8250000000000006 19.256454565781887
0.8300000000000006 19.34612394014762
0.8350000000000006 19.43531855725733
0.8400000000000006 19.52403613943762
0.8450000000000006 19.61227442071499
0.8500000000000006 19.700031146873606
0.8550000000000006 19.787304075512857
0.8600000000000007 19.874090976104625
0.8650000000000007 19.960389630050212
0.8700000000000007 20.04619783073703
0.8750000000000007 20.131513383594942
0.8800000000000007 20.2163341061524
0.8850000000000007 20.300657828092145
0.8900000000000007 20.38448239130675
0.8950000000000007 20.46780564995379
0.9000000000000007 20.550625470510685
0.9050000000000007 20.632939731829328
0.9100000000000007 20.714746325190326
0.9150000000000007 20.796043154356994
0.9200000000000007 20.876828135628983
0.9250000000000007 20.957099197895666
0.9300000000000007 21.036854282689173
0.9350000000000007 21.116091344237113
0.9400000000000007 21.194808349515007
0.9450000000000007 21.273003278298397
0.9500000000000007 21.35067412321463
0.9550000000000007 21.427818889794352
0.9600000000000007 21.50443559652264
0.9650000000000007 21.580522274889866
0.9700000000000008 21.65607696944221
0.9750000000000008 21.731097737831867
0.9800000000000008 21.805582650866913
0.9850000000000008 21.87952979256084
0.9900000000000008 21.95293726018183
0.9950000000000008 22.025803164301617
1.0000000000000007 22.09812562884409
1.0050000000000006 22.169902791133488
1.0100000000000005 22.241132801942378
1.0150000000000003 22.31181382553919
1.0200000000000002 22.381944039735473
1.0250000000000001 22.45152163593285
1.03 22.52054481916954
1.035 22.58901180816664
1.0399999999999998 22.656920835374024
1.0449999999999997 22.72427014701592
1.0499999999999996 22.791058003136108
1.0549999999999995 22.857282677642846
1.0599999999999994 22.922942458353393
1.0649999999999993 22.988035647038203
1.0699999999999992 23.052560559464812
1.074999999999999 23.116515525441315
1.079999999999999 23.17989888885957
1.0849999999999989 23.24270900773797
1.0899999999999987 23.304944254263965
1.0949999999999986 23.36660301483611
1.0999999999999985 23.427683690105898
1.1049999999999984 23.488184695019164
1.1099999999999983 23.548104458857093
1.1149999999999982 23.607441425276996
1.119999999999998 23.666194052352626
1.124999999999998 23.724360812614176
1.129999999999998 23.78194019308793
1.1349999999999978 23.838930695335513
1.1399999999999977 23.895330835492867
1.1449999999999976 23.951139144308737
1.1499999999999975 24.006354167182938
1.1549999999999974 24.06097446420414
1.1599999999999973 24.114998610187378
1.1649999999999971 24.168425194711123
1.169999999999997 24.221252822154064
1.174999999999997 24.273480111731438
1.1799999999999968 24.325105697531086
1.1849999999999967 24.37612822854907
1.1899999999999966 24.42654636872491
1.1949999999999965 24.476358796976573
1.1999999999999964 24.525564207234908
1.2049999999999963 24.57416130847786
1.2099999999999962 24.62214882476424
1.214999999999996 24.669525495267134
1.219999999999996 24.71629007430695
1.2249999999999959 24.76244133138406
1.2299999999999958 24.807978051211112
1.2349999999999957 24.85289903374491
1.2399999999999956 24.897203094217954
1.2449999999999954 24.940889063169614
1.2499999999999953 24.983955786476866
1.2549999999999952 25.0264021253847
1.2599999999999951 25.06822695653613
1.264999999999995 25.10942917200182
1.269999999999995 25.150007679309347
1.2749999999999948 25.189961401472022
1.2799999999999947 25.229289277017404
1.2849999999999946 25.267990260015374
1.2899999999999945 25.30606332010585
1.2949999999999944 25.3435074425261
1.2999999999999943 25.38032162813768
1.3049999999999942 25.416504893452974
1.309999999999994 25.452056270661373
1.314999999999994 25.486974807654992
1.3199999999999938 25.521259568054084
1.3249999999999937 25.55490963123204
1.3299999999999936 25.58792409233993
1.3349999999999935 25.620302062330758
1.3399999999999934 25.65204266798324
1.3449999999999933 25.68314505192524
1.3499999999999932 25.713608372656772
1.354999999999993 25.74343180457266
1.359999999999993 25.772614537984715
1.3649999999999929 25.801155779143635
1.3699999999999928 25.829054750260422
1.3749999999999927 25.8563106895274
1.3799999999999926 25.882922851138893
1.3849999999999925 25.908890505311465
1.3899999999999924 25.93421293830377
1.3949999999999922 25.958889452435983
1.3999999999999921 25.982919366108884
1.404999999999992 26.00630201382249
1.409999999999992 26.029036746194308
1.4149999999999918 26.051122929977172
1.4199999999999917 26.072559948076716
1.4249999999999916 26.093347199568395
1.4299999999999915 26.11348409971414
1.4349999999999914 26.132970079978595
1.4399999999999913 26.151804588044946
1.4449999999999912 26.169987087830368
1.449999999999991 26.18751705950103
1.454999999999991 26.204393999486744
1.4599999999999909 26.220617420495167
1.4649999999999908 26.23618685152561
1.4699999999999906 26.251101837882448
1.4749999999999905 26.26536194118814
1.4799999999999904 26.278966739395766
1.4849999999999903 26.291915826801297
1.4899999999999902 26.30420881405529
1.4949999999999901 26.315845328174305
1.49999999999999 26.32682501255187
1.50499999999999 26.337147526969
1.5099999999999898 26.346812547604394
1.5149999999999897 26.355819767044117
1.5199999999999896 26.36416889429097
1.5249999999999895 26.371859654773395
1.5299999999999894 26.378891790353947
1.5349999999999893 26.385265059337474
1.5399999999999892 26.39097923647871
1.544999999999989 26.396034112989625
1.549999999999989 26.400429496546252
1.5549999999999888 26.404165211295147
1.5599999999999887 26.40724109785946
1.5649999999999886 26.409657013344525
1.5699999999999885 26.411412831343114
1.5749999999999884 26.412508441940236
1.5799999999999883 26.412943751717528
1.5849999999999882 26.41271868375726
1.589999999999988 26.41183317764589
1.594999999999988 26.410287189477216
1.5999999999999879 26.40808069185516
1.6049999999999878 26.40521367389607
1.6099999999999877 26.40168614123067
1.6149999999999876 26.397498116005533
1.6199999999999875 26.392649636884233
1.6249999999999873 26.387140759047984
1.6299999999999872 26.38097155419592
1.6349999999999871 26.374142110544977
1.639999999999987 26.36665253282933
1.644999999999987 26.358502942299406
1.6499999999999868 26.34969347672052
1.6549999999999867 26.340224290371086
1.6599999999999866 26.33009555404042
1.6649999999999865 26.319307455026067
1.6699999999999864 26.307860197130847
1.6749999999999863 26.295754000659354
1.6799999999999862 26.282989102414113
1.684999999999986 26.269565755691318
1.689999999999986 26.25548423027614
1.6949999999999859 26.240744812437622
1.6999999999999857 26.225347804923196
1.7049999999999856 26.20929352695272
1.7099999999999855 26.19258231421219
1.7149999999999854 26.175214518846957
1.7199999999999853 26.157190509454598
1.7249999999999852 26.138510671077295
1.729999999999985 26.119175405193932
1.734999999999985 26.09918512971162
1.739999999999985 26.078540278956943
1.7449999999999848 26.057241303666714
1.7499999999999847 26.03528867097835
1.7549999999999846 26.012682864419848
1.7599999999999845 25.989424383899316
1.7649999999999844 25.965513745694114
1.7699999999999843 25.940951482439598
1.7749999999999841 25.91573814311742
1.779999999999984 25.889874293043434
1.784999999999984 25.863360513855216
1.7899999999999838 25.836197403499124
1.7949999999999837 25.808385576217024
1.7999999999999836 25.779925662532502
1.8049999999999835 25.75081830923676
1.8099999999999834 25.721064179374075
1.8149999999999833 25.690663952226842
1.8199999999999832 25.6596183233002
1.824999999999983 25.62792800430627
1.829999999999983 25.595593723148006
1.8349999999999829 25.56261622390256
1.8399999999999828 25.52899626680434
1.8449999999999827 25.494734628227615
1.8499999999999825 25.459832100668688
1.8549999999999824 25.424289492727723
1.8599999999999823 25.388107629090115
1.8649999999999822 25.351287350507487
1.8699999999999821 25.31382951377829
1.874999999999982 25.275734991727962
1.879999999999982 25.237004673188707
1.8849999999999818 25.197639462978888
1.8899999999999817 25.157640281882003
1.8949999999999816 25.11700806662523
1.8999999999999815 25.075743769857635
1.9049999999999814 25.033848360127923
1.9099999999999813 24.99132282186182
1.9149999999999812 24.948168155339044
1.919999999999981 24.904385376669858
1.924999999999981 24.859975517771307
1.9299999999999808 24.814939626342927
1.9349999999999807 24.769278765842166
1.9399999999999806 24.722994015459353
1.9449999999999805 24.676086470092322
1.9499999999999804 24.628557240320546
1.9549999999999803 24.580407452379
1.9599999999999802 24.53163824813151
1.96499999999998 24.482250785043824
1.96999999999998 24.432246236156164
1.9749999999999799 24.381625790055512
1.9799999999999798 24.330390650847423
1.9849999999999797 24.278542038127462
1.9899999999999796 24.22608118695227
1.9949999999999795 24.173009347810215
1.9999999999999793 24.119327786591697
2.0049999999999795 24.065037784559006
2.0099999999999794 24.010140638315832
2.0149999999999793 23.954637659776395
2.019999999999979 23.898530176134148
2.024999999999979 23.84181952983014
2.029999999999979 23.784507078520964
2.034999999999979 23.726594195046346
2.0399999999999787 23.66808226739632
2.0449999999999786 23.608972698678034
2.0499999999999785 23.549266907082213
2.0549999999999784 23.48896632584917
2.0599999999999783 23.428072403234495
2.064999999999978 23.366586602474328
2.069999999999978 23.304510401750317
2.074999999999978 23.24184529415407
2.079999999999978 23.1785927876514
2.0849999999999778 23.114754405046043
2.0899999999999777 23.050331683943114
2.0949999999999775 22.985326176712103
2.0999999999999774 22.919739450449555
2.1049999999999773 22.853573086941367
2.1099999999999772 22.786828682624694
2.114999999999977 22.719507848549497
2.119999999999977 22.651612210339714
2.124999999999977 22.583143408154115
2.129999999999977 22.514103096646686
2.1349999999999767 22.444492944926733
2.1399999999999766 22.374314636518612
2.1449999999999765 22.303569869321045
2.1499999999999764 22.232260355566122
2.1549999999999763 22.160387821777903
2.159999999999976 22.08795400873072
2.164999999999976 22.01496067140702
2.169999999999976 21.941409578954957
2.174999999999976 21.867302514645523
2.1799999999999757 21.792641275829425
2.1849999999999756 21.71742767389351
2.1899999999999755 21.6416635342169
2.1949999999999754 21.565350696126732
2.1999999999999753 21.488491012853597
2.204999999999975 21.41108635148655
2.209999999999975 21.33313859292784
2.214999999999975 21.254649631847247
2.219999999999975 21.175621376636105
2.2249999999999748 21.096055749360932
2.2299999999999747 21.01595468571676
2.2349999999999746 20.93532013498008
2.2399999999999745 20.85415405996148
2.2449999999999743 20.772458436957912
2.2499999999999742 20.690235255704607
2.254999999999974 20.607486519326713
2.259999999999974 20.524214244290505
2.264999999999974 20.44042046035432
2.269999999999974 20.356107210519145
2.2749999999999737 20.27127655097882
2.2799999999999736 20.18593055106999
2.2849999999999735 20.100071293221657
2.2899999999999734 20.013700872904426
2.2949999999999733 19.926821398579396
2.299999999999973 19.839434991646765
2.304999999999973 19.751543786394084
2.309999999999973 19.663149929944147
2.314999999999973 19.57425558220262
2.3199999999999728 19.484862915805298
2.3249999999999726 19.394974116065075
2.3299999999999725 19.304591380918538
2.3349999999999724 19.2137169208723
2.3399999999999723 19.122352958948966
2.344999999999972 19.03050173063282
2.349999999999972 18.93816548381518
2.354999999999972 18.845346478739394
2.359999999999972 18.7520469879456
2.364999999999972 18.65826929621513
2.3699999999999717 18.564015700514588
2.3749999999999716 18.469288509939638
2.3799999999999715 18.374090045658505
2.3849999999999714 18.278422640855112
2.3899999999999713 18.182288640671977
2.394999999999971 18.085690402152736
2.399999999999971 17.98863029418443
2.404999999999971 17.89111069743943
2.409999999999971 17.79313400431712
2.4149999999999707 17.694702618885227
2.4199999999999706 17.595818956820896
2.4249999999999705 17.496485445351425
2.4299999999999704 17.396704523194753
2.4349999999999703 17.29647864049963
2.43999999999997 17.195810258785478
2.44499999999997 17.09470185088201
2.44999999999997 16.993155900868516
2.45499999999997 16.891174904012864
2.4599999999999698 16.788761366710247
2.4649999999999697 16.685917806421635
2.4699999999999696 16.582646751611897
2.4749999999999694 16.47895074168771
2.4799999999999693 16.374832326935188
2.4849999999999692 16.27029406845712
2.489999999999969 16.165338538110092
2.494999999999969 16.05996831844122
2.499999999999969 15.954186002624658
2.504999999999969 15.847994194397819
2.5099999999999687 15.741395507997321
2.5149999999999686 15.634392568094688
2.5199999999999685 15.526988009731744
2.5249999999999684 15.419184478255783
2.5299999999999683 15.310984629254454
2.534999999999968 15.202391128490383
2.539999999999968 15.09340665183552
2.544999999999968 14.984033885205278
2.549999999999968 14.874275524492349
2.5549999999999677 14.764134275500309
2.5599999999999676 14.653612853876949
2.5649999999999675 14.542713985047365
2.5699999999999674 14.431440404146777
2.5749999999999673 14.319794855953129
2.579999999999967 14.207780094819402
2.584999999999967 14.095398884605736
2.589999999999967 13.982653998611227
2.594999999999967 13.869548219505576
2.599999999999967 13.756084339260413
2.6049999999999667 13.642265159080432
2.6099999999999666 13.528093489334292
2.6149999999999665 13.413572149485221
2.6199999999999664 13.298703968021469
2.6249999999999662 13.183491782386469
2.629999999999966 13.067938438908783
2.634999999999966 12.952046792731837
2.639999999999966 12.835819707743397
2.644999999999966 12.719260056504844
2.6499999999999657 12.602370720180216
2.6549999999999656 12.485154588465036
2.6599999999999655 12.367614559514891
2.6649999999999654 12.249753539873831
2.6699999999999653 12.13157444440254
2.674999999999965 12.01308019620626
2.679999999999965 11.894273726562547
2.684999999999965 11.77515797484879
2.689999999999965 11.655735888469534
2.6949999999999648 11.536010422783564
2.6999999999999647 11.415984541030827
2.7049999999999645 11.295661214259132
2.7099999999999644 11.175043421250615
2.7149999999999643 11.054134148448057
2.7199999999999642 10.932936389880977
2.724999999999964 10.811453147091518
2.729999999999964 10.68968742906015
2.734999999999964 10.567642252131186
2.739999999999964 10.445320639938098
2.7449999999999637 10.322725623328632
2.7499999999999636 10.199860240289759
2.7549999999999635 10.076727535872427
2.7599999999999634 9.953330562116127
2.7649999999999633 9.829672377973273
2.769999999999963 9.705756049233427
2.774999999999963 9.581584648447304
2.779999999999963 9.45716125485064
2.784999999999963 9.332488954287859
2.7899999999999627 9.207570839135581
2.7949999999999626 9.082410008225953
2.7999999999999625 8.957009566769813
2.8049999999999624 8.831372626279682
2.8099999999999623 8.705502304492605
2.814999999999962 8.579401725292803
2.819999999999962 8.453074018634192
2.824999999999962 8.326522320462727
2.829999999999962 8.199749772638592
2.8349999999999618 8.07275952285822
2.8399999999999617 7.945554724576195
2.8449999999999616 7.818138536926961
2.8499999999999615 7.690514124646411
2.8549999999999613 7.56268465799331
2.8599999999999612 7.434653312670586
2.864999999999961 7.306423269746462
2.869999999999961 7.177997715575466
2.874999999999961 7.049379841719273
2.879999999999961 6.920572844867436
2.8849999999999607 6.791579926757971
2.8899999999999606 6.662404294097801
2.8949999999999605 6.533049158483073
2.8999999999999604 6.403517736319348
2.9049999999999603 6.27381324874166
2.90999999999996 6.143938921534452
2.91499999999996 6.0138979850513685
2.91999999999996 5.883693674134969
2.92499999999996 5.753329228036269
2.9299999999999597 5.6228078903341965
2.9349999999999596 5.492132908854928
2.9399999999999595 5.361307535591099
2.9449999999999594 5.230335026620914
2.9499999999999593 5.099218642027134
2.954999999999959 4.967961645815971
2.959999999999959 4.836567305835864
2.964999999999959 4.705038893696152
2.969999999999959 4.573379684685655
2.974999999999959 4.441592957691142
2.9799999999999587 4.309681995115708
2.9849999999999586 4.177650082797057
2.9899999999999585 4.045500509925676
2.9949999999999584 3.9132365689629456
2.9999999999999583 3.7808615555591283
3.004999999999958 3.648378768471292
3.009999999999958 3.515791509481139
3.014999999999958 3.383103083312746
3.019999999999958 3.250316797550237
3.0249999999999577 3.1174359625553594
3.0299999999999576 2.9844638913849937
3.0349999999999575 2.851403899708586
3.0399999999999574 2.7182593057255042
3.0449999999999573 2.5850334300823214
3.049999999999957 2.451729595790036
3.054999999999957 2.3183511281412157
3.059999999999957 2.1849013546270863
3.064999999999957 2.051383604854551
3.0699999999999568 1.9178012104631446
3.0749999999999567 1.7841575050419392
3.0799999999999566 1.6504558240463854
3.0849999999999564 1.516699504715098
3.0899999999999563 1.3828918859865946
3.0949999999999562 1.2490363084159766
3.099999999999956 1.1151361140915668
3.104999999999956 0.9811946465514974
3.109999999999956 0.8472152507002533
3.114999999999956 0.7132012727251759
3.1199999999999557 0.579156060012922
3.1249999999999556 0.4450829610658885
3.1299999999999555 0.3109853254185975
3.1349999999999554 0.17686650355405034
3.1399999999999553 0.042729846820046546
3.144999999999955 -0.09142129265452477
3.149999999999955 -0.2255835620434228
3.154999999999955 -0.3597536079068185
3.159999999999955 -0.49392807627508145
3.1649999999999547 -0.6281036127325881
3.1699999999999546 -0.7622768625015508
3.1749999999999545 -0.8964444705258633
3.1799999999999544 -1.03060308155496
3.1849999999999543 -1.1647493402276943
3.189999999999954 -1.2988798911562187
3.194999999999954 -1.4329913790098827
3.199999999999954 -1.5670804485991336
3.204999999999954 -1.7011437449594224
3.209999999999954 -1.8351779134351132
3.2149999999999537 -1.9691795997633916
3.2199999999999536 -2.103145450158175
3.2249999999999535 -2.237072111394015
3.2299999999999534 -2.3709562308899996
3.2349999999999532 -2.5047944567936424
3.239999999999953 -2.638583438064762
3.244999999999953 -2.7723198245593568
3.249999999999953 -2.9060002671134586
3.254999999999953 -3.0396214176269685
3.2599999999999527 -3.173179929147483
3.2649999999999526 -3.3066724559540934
3.2699999999999525 -3.440095653641163
3.2749999999999524 -3.573446179202083
3.2799999999999523 -3.706720691112998
3.284999999999952 -3.8399158494165073
3.289999999999952 -3.9730283158053306
3.294999999999952 -4.106054753705944
3.299999999999952 -4.238991828362179
3.3049999999999518 -4.371836206918789
3.3099999999999516 -4.504584558504968
3.3149999999999515 -4.637233554317835
3.3199999999999514 -4.769779867705877
3.3249999999999513 -4.902220174252339
3.329999999999951 -5.034551151858566
3.334999999999951 -5.16676948082731
3.339999999999951 -5.298871843945966
3.344999999999951 -5.430854926569769
3.349999999999951 -5.562715416704925
3.3549999999999507 -5.694450005091687
3.3599999999999506 -5.826055385287378
3.3649999999999505 -5.957528253749345
3.3699999999999504 -6.088865309917839
3.3749999999999503 -6.220063256298858
3.37999999999995 -6.351118798546889
3.38499999999995 -6.482028645547595
3.38999999999995 -6.612789509500435
3.39499999999995 -6.7433981060012
3.3999999999999497 -6.873851154124467
3.4049999999999496 -7.0041453765059964
3.4099999999999495 -7.13427749942502
3.4149999999999494 -7.264244252886473
3.4199999999999493 -7.39404237070312
3.424999999999949 -7.523668590577604
3.429999999999949 -7.653119654184408
3.434999999999949 -7.782392307251718
3.439999999999949 -7.911483299643207
3.4449999999999488 -8.040389385439697
3.4499999999999487 -8.169107323020757
3.4549999999999486 -8.297633875146175
3.4599999999999485 -8.425965809037352
3.4649999999999483 -8.554099896458556
3.4699999999999482 -8.682032913798118
3.474999999999948 -8.809761642149487
3.479999999999948 -8.937282867392188
3.484999999999948 -9.064593380272651
3.489999999999948 -9.191689976484966
3.4949999999999477 -9.31856945675148
3.4999999999999476 -9.44522862690329
3.5049999999999475 -9.571664297960645
3.5099999999999474 -9.697873286213165
3.5149999999999473 -9.823852413300003
3.519999999999947 -9.949598506289837
3.524999999999947 -10.07510839776075
3.529999999999947 -10.200378925879974
3.534999999999947 -10.32540693448352
3.5399999999999467 -10.450189273155644
3.5449999999999466 -10.574722797308203
3.5499999999999465 -10.699004368259862
3.5549999999999464 -10.823030853315169
3.5599999999999463 -10.946799125843471
3.564999999999946 -11.070306065357713
3.569999999999946 -11.193548557593054
3.574999999999946 -11.316523494585379
3.579999999999946 -11.439227774749638
3.584999999999946 -11.561658302958014
3.5899999999999457 -11.683811990617984
3.5949999999999456 -11.805685755750186
3.5999999999999455 -11.92727652306614
3.6049999999999454 -12.048581224045815
3.6099999999999453 -12.169596797015028
3.614999999999945 -12.290320187222692
3.619999999999945 -12.410748346917856
3.624999999999945 -12.53087823542666
3.629999999999945 -12.650706819229029
3.6349999999999447 -12.770231072035259
3.6399999999999446 -12.889447974862396
3.6449999999999445 -13.00835451611046
3.6499999999999444 -13.126947691638488
3.6549999999999443 -13.245224504840394
3.659999999999944 -13.363181966720623
3.664999999999944 -13.480817095969696
3.669999999999944 -13.598126919039478
3.674999999999944 -13.715108470218333
3.6799999999999438 -13.831758791706038
3.6849999999999437 -13.948074933688558
3.6899999999999435 -14.064053954412564
3.6949999999999434 -14.17969292025984
3.6999999999999433 -14.294988905821407
3.7049999999999432 -14.409938993971506
3.709999999999943 -14.524540275941371
3.714999999999943 -14.638789851392794
3.719999999999943 -14.752684828491466
3.724999999999943 -14.866222323980162
3.7299999999999427 -14.979399463251681
3.7349999999999426 -15.092213380421573
3.7399999999999425 -15.204661218400696
3.7449999999999424 -15.316740128967506
3.7499999999999423 -15.42844727284018
3.754999999999942 -15.539779819748492
3.759999999999942 -15.65073494850548
3.764999999999942 -15.761309847078909
3.769999999999942 -15.87150171266248
3.7749999999999417 -15.981307751746836
3.7799999999999416 -16.090725180190358
3.7849999999999415 -16.19975122328969
3.7899999999999414 -16.308383115850077
3.7949999999999413 -16.41661810225546
3.799999999999941 -16.524453436538305
3.804999999999941 -16.631886382449263
3.809999999999941 -16.738914213526556
3.814999999999941 -16.84553421316509
3.8199999999999408 -16.951743674685407
3.8249999999999407 -17.057539901402333
3.8299999999999406 -17.16292020669341
3.8349999999999405 -17.267881914067083
3.8399999999999403 -17.372422357230622
3.8449999999999402 -17.476538880157833
3.84999999999994 -17.580228837156458
3.85499999999994 -17.683489592935395
3.85999999999994 -17.78631852267162
3.86499999999994 -17.88871301207686
3.8699999999999397 -17.99067045746401
3.8749999999999396 -18.092188265813295
3.8799999999999395 -18.1932638548382
3.8849999999999394 -18.29389465305105
3.8899999999999393 -18.394078099828462
3.894999999999939 -18.49381164547639
3.899999999999939 -18.59309275129502
3.904999999999939 -18.691918889643304
3.909999999999939 -18.7902875440033
3.9149999999999388 -18.888196209044185
3.9199999999999386 -18.985642390686028
3.9249999999999385 -19.082623606163274
3.9299999999999384 -19.17913738408795
3.9349999999999383 -19.275181264512604
3.939999999999938 -19.370752798992942
3.944999999999938 -19.465849550650226
3.949999999999938 -19.560469094233326
3.954999999999938 -19.654609016180547
3.959999999999938 -19.748266914681153
3.9649999999999377 -19.841440399736562
3.9699999999999376 -19.934127093221324
3.9749999999999375 -20.02632462894375
3.9799999999999374 -20.118030652706274
3.9849999999999373 -20.2092428223655
3.989999999999937 -20.29995880789201
3.994999999999937 -20.390176291429796
3.999999999999937 -20.479892967355447
4.004999999999937 -20.56910654233702
4.009999999999937 -20.657814735392613
4.014999999999937 -20.746015277948626
4.0199999999999365 -20.83370591389774
4.024999999999936 -20.920884399656565
4.029999999999936 -21.00754850422297
4.034999999999936 -21.093696009233177
4.039999999999936 -21.17932470901843
4.044999999999936 -21.26443241066146
4.049999999999936 -21.349016934052568
4.054999999999936 -21.433076111945446
4.059999999999936 -21.516607790012593
4.0649999999999356 -21.59960982690054
4.0699999999999354 -21.682080094284657
4.074999999999935 -21.76401647692365
4.079999999999935 -21.845416872713823
4.084999999999935 -21.926279192742882
4.089999999999935 -22.00660136134353
4.094999999999935 -22.08638131614667
4.099999999999935 -22.1656170081343
4.104999999999935 -22.24430640169211
4.109999999999935 -22.32244747466169
4.1149999999999345 -22.400038218392435
4.119999999999934 -22.47707663779314
4.124999999999934 -22.55356075138323
4.129999999999934 -22.629488591343677
4.134999999999934 -22.70485820356755
4.139999999999934 -22.779667647710248
4.144999999999934 -22.853914997239418
4.149999999999934 -22.92759833948447
4.154999999999934 -23.000715775685816
4.1599999999999335 -23.073265421043725
4.164999999999933 -23.145245404766847
4.169999999999933 -23.216653870120393
4.174999999999933 -23.28748897447395
4.179999999999933 -23.357748889348997
4.184999999999933 -23.427431800466007
4.189999999999933 -23.49653590779125
4.194999999999933 -23.56505942558323
4.199999999999933 -23.633000582438722
4.204999999999933 -23.700357621338558
4.2099999999999325 -23.767128799692955
4.214999999999932 -23.833312389386556
4.219999999999932 -23.89890667682305
4.224999999999932 -23.963909962969506
4.229999999999932 -24.028320563400314
4.234999999999932 -24.092136808340715
4.239999999999932 -24.155357042710083
4.244999999999932 -24.21797962616472
4.249999999999932 -24.280002933140377
4.2549999999999315 -24.341425352894372
4.259999999999931 -24.40224528954734
4.264999999999931 -24.462461162124622
4.269999999999931 -24.5220714045973
4.274999999999931 -24.581074465922818
4.279999999999931 -24.639468810085308
4.284999999999931 -24.697252916135454
4.289999999999931 -24.754425278230055
4.294999999999931 -24.81098440567117
4.2999999999999305 -24.86692882294493
4.30499999999993 -24.922257069759922
4.30999999999993 -24.976967701085247
4.31499999999993 -25.031059287188143
4.31999999999993 -25.084530413671327
4.32499999999993 -25.137379681509824
4.32999999999993 -25.18960570708752
4.33499999999993 -25.241207122233305
4.33999999999993 -25.292182574256802
4.34499999999993 -25.34253072598376
4.3499999999999295 -25.392250255791026
4.354999999999929 -25.441339857641164
4.359999999999929 -25.489798241116628
4.364999999999929 -25.53762413145365
4.369999999999929 -25.584816269575622
4.374999999999929 -25.631373412126184
4.379999999999929 -25.677294331501876
4.384999999999929 -25.722577815884385
4.389999999999929 -25.767222669272456
4.3949999999999285 -25.811227711513364
4.399999999999928 -25.854591778334004
4.404999999999928 -25.897313721371603
4.409999999999928 -25.939392408203993
4.414999999999928 -25.980826722379568
4.419999999999928 -26.021615563446748
4.424999999999928 -26.06175784698314
4.429999999999928 -26.101252504624217
4.434999999999928 -26.140098484091645
4.439999999999928 -26.178294749221234
4.4449999999999275 -26.215840279990424
4.449999999999927 -26.25273407254539
4.454999999999927 -26.28897513922783
4.459999999999927 -26.32456250860118
4.464999999999927 -26.35949522547661
4.469999999999927 -26.393772350938498
4.474999999999927 -26.427392962369517
4.479999999999927 -26.46035615347537
4.484999999999927 -26.492661034309066
4.4899999999999265 -26.52430673129479
4.494999999999926 -26.55529238725141
4.499999999999926 -26.585617161415538
4.504999999999926 -26.615280229464194
4.509999999999926 -26.644280783537056
4.514999999999926 -26.672618032258328
4.519999999999926 -26.70029120075813
4.524999999999926 -26.727299530693582
4.529999999999926 -26.753642280269375
4.5349999999999255 -26.77931872425798
4.539999999999925 -26.80432815401946
4.544999999999925 -26.828669877520827
4.549999999999925 -26.852343219355014
4.554999999999925 -26.875347520759412
4.559999999999925 -26.897682139634032
4.564999999999925 -26.9193464505592
4.569999999999925 -26.94033984481289
4.574999999999925 -26.96066173038758
4.579999999999925 -26.98031153200676
4.5849999999999245 -26.99928869114096
4.589999999999924 -27.017592666023422
4.594999999999924 -27.035222931665274
4.599999999999924 -27.052178979870405
4.604999999999924 -27.068460319249777
4.609999999999924 -27.084066475235442
4.614999999999924 -27.098996990094083
4.619999999999924 -27.113251422940117
4.624999999999924 -27.12682934974842
4.6299999999999235 -27.13973036336662
4.634999999999923 -27.151954073526984
4.639999999999923 -27.1635001068578
4.644999999999923 -27.174368106894487
4.649999999999923 -27.18455773409012
4.654999999999923 -27.194068665825654
4.659999999999923 -27.202900596419695
4.664999999999923 -27.21105323713781
4.669999999999923 -27.218526316201444
4.6749999999999226 -27.22531957879642
4.6799999999999224 -27.231432787080998
4.684999999999922 -27.236865720193553
4.689999999999922 -27.241618174259727
4.694999999999922 -27.245689962399293
4.699999999999922 -27.249080914732495
4.704999999999922 -27.251790878386
4.709999999999922 -27.25381971749842
4.714999999999922 -27.255167313225417
4.719999999999922 -27.255833563744368
4.7249999999999215 -27.255818384258614
4.729999999999921 -27.2551217070013
4.734999999999921 -27.25374348123874
4.739999999999921 -27.251683673273423
4.744999999999921 -27.248942266446534
4.749999999999921 -27.24551926114009
4.754999999999921 -27.24141467477862
4.759999999999921 -27.236628541830456
4.764999999999921 -27.23116091380855
4.7699999999999205 -27.225011859270907
4.77499999999992 -27.218181463820578
4.77999999999992 -27.210669830105203
4.78499999999992 -27.202477077816166
4.78999999999992 -27.19360334368732
4.79499999999992 -27.184048781493246
4.79999999999992 -27.17381356204711
4.80499999999992 -27.162897873198123
4.80999999999992 -27.15130191982854
4.81499999999992 -27.139025923850213
4.8199999999999195 -27.126070124200783
4.824999999999919 -27.11243477683939
4.829999999999919 -27.09812015474197
4.834999999999919 -27.083126547896136
4.839999999999919 -27.067454263295645
4.844999999999919 -27.0511036249344
4.849999999999919 -27.034074973800053
4.854999999999919 -27.016368667867184
4.859999999999919 -26.99798508209006
4.8649999999999185 -26.978924608394944
4.869999999999918 -26.959187655671975
4.874999999999918 -26.938774649766685
4.879999999999918 -26.917686033471004
4.884999999999918 -26.895922266513914
4.889999999999918 -26.873483825551634
4.894999999999918 -26.850371204157383
4.899999999999918 -26.826584912810766
4.904999999999918 -26.80212547888666
4.9099999999999175 -26.776993446643743
4.914999999999917 -26.751189377212558
4.919999999999917 -26.7247138485832
4.924999999999917 -26.69756745559251
4.929999999999917 -26.66975080991091
4.934999999999917 -26.641264540028796
4.939999999999917 -26.612109291242483
4.944999999999917 -26.58228572563977
4.949999999999917 -26.55179452208508
4.954999999999917 -26.52063637620411
4.9599999999999165 -26.488812000368178
4.964999999999916 -26.45632212367803
4.969999999999916 -26.42316749194733
4.974999999999916 -26.389348867685644
4.979999999999916 -26.354867030081074
4.984999999999916 -26.31972277498242
4.989999999999916 -26.283916914880976
4.994999999999916 -26.247450278891833
4.999999999999916 -26.210323712734866
5.0049999999999155 -26.172538078715203
5.009999999999915 -26.13409425570335
5.014999999999915 -26.09499313911485
5.019999999999915 -26.055235640889585
5.024999999999915 -26.014822689470595
5.029999999999915 -25.9737552297825
5.034999999999915 -25.932034223209573
5.039999999999915 -25.889660647573315
5.044999999999915 -25.846635497109645
5.049999999999915 -25.802959782445683
5.0549999999999145 -25.758634530576153
5.059999999999914 -25.71366078483929
5.064999999999914 -25.668039604892435
5.069999999999914 -25.621772066687132
5.074999999999914 -25.574859262443873
5.079999999999914 -25.527302300626438
5.084999999999914 -25.47910230591575
5.089999999999914 -25.43026041918342
5.094999999999914 -25.380777797464827
5.0999999999999135 -25.3306556139318
5.104999999999913 -25.279895057864906
5.109999999999913 -25.22849733462532
5.114999999999913 -25.17646366562629
5.119999999999913 -25.123795288304205
5.124999999999913 -25.070493456089274
5.129999999999913 -25.01655943837574
5.134999999999913 -24.96199452049181
5.139999999999913 -24.90680000366903
5.1449999999999125 -24.850977205011393
5.149999999999912 -24.794527457463982
5.154999999999912 -24.737452109781213
5.159999999999912 -24.679752526494706
5.164999999999912 -24.62143008788074
5.169999999999912 -24.562486189927313
5.174999999999912 -24.502922244300812
5.179999999999912 -24.44273967831228
5.184999999999912 -24.3819399348833
5.189999999999912 -24.320524472511465
5.1949999999999115 -24.25849476523548
5.199999999999911 -24.195852302599857
5.204999999999911 -24.132598589619224
5.209999999999911 -24.068735146742217
5.214999999999911 -24.004263509815054
5.219999999999911 -23.93918523004463
5.224999999999911 -23.873501873961285
5.229999999999911 -23.80721502338117
5.234999999999911 -23.7403262753682
5.2399999999999105 -23.672837242195694
5.24499999999991 -23.60474955130755
5.24999999999991 -23.53606484527905
5.25499999999991 -23.466784781777363
5.25999999999991 -23.39691103352155
5.26499999999991 -23.32644528824226
5.26999999999991 -23.25538924864107
5.27499999999991 -23.18374463234934
5.27999999999991 -23.111513171886827
5.2849999999999095 -23.03869661461979
5.289999999999909 -22.96529672271885
5.294999999999909 -22.89131527311635
5.299999999999909 -22.816754057463456
5.304999999999909 -22.741614882086775
5.309999999999909 -22.665899567944702
5.314999999999909 -22.589609950583338
5.319999999999909 -22.512747880092054
5.324999999999909 -22.43531522105866
5.329999999999909 -22.35731385252429
5.3349999999999085 -22.278745667937812
5.339999999999908 -22.199612575109953
5.344999999999908 -22.119916496167026
5.349999999999908 -22.0396593675043
5.354999999999908 -21.958843139739013
5.359999999999908 -21.87746977766301
5.364999999999908 -21.795541260195055
5.369999999999908 -21.71305958033275
5.374999999999908 -21.630026745104104
5.3799999999999075 -21.54644477551877
5.384999999999907 -21.462315706518897
5.389999999999907 -21.377641586929645
5.394999999999907 -21.292424479409355
5.399999999999907 -21.206666460399344
5.404999999999907 -21.120369620073372
5.409999999999907 -21.033536062286757
5.414999999999907 -20.94616790452513
5.419999999999907 -20.85826727785285
5.424999999999907 -20.769836326861103
5.4299999999999065 -20.6808772096156
5.434999999999906 -20.59139209760398
5.439999999999906 -20.501383175682857
5.444999999999906 -20.41085264202454
5.449999999999906 -20.31980270806337
5.454999999999906 -20.22823559844177
5.459999999999906 -20.136153550955967
5.464999999999906 -20.0435588165013
5.469999999999906 -19.950453659017292
5.4749999999999055 -19.85684035543234
5.479999999999905 -19.762721195608066
5.484999999999905 -19.66809848228338
5.489999999999905 -19.572974531018154
5.494999999999905 -19.477351670136656
5.499999999999905 -19.381232240670574
5.504999999999905 -19.284618596301755
5.509999999999905 -19.18751310330463
5.514999999999905 -19.089918140488308
5.5199999999999045 -18.991836099138336
5.524999999999904 -18.89326938295818
5.529999999999904 -18.794220408010343
5.534999999999904 -18.694691602657198
5.539999999999904 -18.594685407501505
5.544999999999904 -18.494204275326606
5.549999999999904 -18.39325067103632
5.554999999999904 -18.291827071594508
5.559999999999904 -18.189935965964356
5.564999999999904 -18.087579855047366
5.5699999999999035 -17.984761251621965
5.574999999999903 -17.881482680281906
5.579999999999903 -17.777746677374317
5.584999999999903 -17.67355579093745
5.589999999999903 -17.568912580638138
5.594999999999903 -17.463819617708968
5.599999999999903 -17.35827948488515
5.604999999999903 -17.25229477634107
5.609999999999903 -17.145868097626586
5.6149999999999025 -17.03900206560301
5.619999999999902 -16.93169930837882
5.624999999999902 -16.82396246524505
5.629999999999902 -16.715794186610434
5.634999999999902 -16.607197133936246
5.639999999999902 -16.49817397967086
5.644999999999902 -16.38872740718401
5.649999999999902 -16.278860110700816
5.654999999999902 -16.16857479523548
5.6599999999999016 -16.057874176524745
5.6649999999999014 -15.946760980961052
5.669999999999901 -15.835237945525455
5.674999999999901 -15.723307817720213
5.679999999999901 -15.610973355501185
5.684999999999901 -15.498237327209875
5.689999999999901 -15.385102511505286
5.694999999999901 -15.271571697295455
5.699999999999901 -15.157647683668753
5.704999999999901 -15.043333279824905
5.7099999999999005 -14.928631305005782
5.7149999999999 -14.813544588425898
5.7199999999999 -14.698075969202659
5.7249999999999 -14.582228296286386
5.7299999999999 -14.466004428390056
5.7349999999999 -14.349407233918779
5.7399999999999 -14.232439590899086
5.7449999999999 -14.1151043869079
5.7499999999999 -13.997404519001295
5.7549999999998995 -13.879342893643017
5.759999999999899 -13.760922426632751
5.764999999999899 -13.642146043034135
5.769999999999899 -13.523016677102568
5.774999999999899 -13.403537272212745
5.779999999999899 -13.283710780785986
5.784999999999899 -13.163540164217315
5.789999999999899 -13.043028392802311
5.794999999999899 -12.922178445663734
5.799999999999899 -12.800993310677901
5.8049999999998985 -12.679475984400883
5.809999999999898 -12.55762947199443
5.814999999999898 -12.435456787151683
5.819999999999898 -12.312960952022697
5.824999999999898 -12.1901449971397
5.829999999999898 -12.067011961342171
5.834999999999898 -11.943564891701689
5.839999999999898 -11.81980684344655
5.844999999999898 -11.695740879886207
5.8499999999998975 -11.571370072335489
5.854999999999897 -11.446697500038592
5.859999999999897 -11.32172625009289
5.864999999999897 -11.196459417372525
5.869999999999897 -11.070900104451802
5.874999999999897 -10.945051421528389
5.879999999999897 -10.81891648634631
5.884999999999897 -10.692498424118748
5.889999999999897 -10.565800367450635
5.8949999999998965 -10.438825456261085
5.899999999999896 -10.311576837705601
5.904999999999896 -10.184057666098122
5.909999999999896 -10.056271102832849
5.914999999999896 -9.928220316305923
5.919999999999896 -9.799908481836908
5.924999999999896 -9.671338781590068
5.929999999999896 -9.542514404495503
5.934999999999896 -9.41343854617008
5.939999999999896 -9.284114408838214
5.9449999999998955 -9.154545201252443
5.949999999999895 -9.024734138613862
5.954999999999895 -8.894684442492371
5.959999999999895 -8.76439934074677
5.964999999999895 -8.633882067444663
5.969999999999895 -8.503135862782225
5.974999999999895 -8.372163973003806
5.979999999999895 -8.240969650321352
5.984999999999895 -8.109556152833692
5.9899999999998945 -7.977926744445662
5.994999999999894 -7.846084694787081
5.999999999999894 -7.714033279131557
