0.0 0.0
0.005 0.12999295852359033
0.01 0.25996966842159946
0.015 0.38992688174537177
0.02 0.5198613513584682
0.025 0.6497698310177668
0.030000000000000002 0.7796490754545339
0.035 0.9094958404554618
0.04 1.0393068829436731
0.045 1.169078961059687
0.049999999999999996 1.2988088342423492
0.05499999999999999 1.428493263309718
0.05999999999999999 1.5581290105399124
0.06499999999999999 1.6877128397519108
0.06999999999999999 1.8172415163863058
0.075 1.9467118075860117
0.08 2.0761204822769166
0.085 2.2054643112484866
0.09000000000000001 2.3347400672343146
0.09500000000000001 2.463944524992609
0.10000000000000002 2.593074461386628
0.10500000000000002 2.72212665546505
0.11000000000000003 2.8510978885422844
0.11500000000000003 2.979984944278714
0.12000000000000004 3.1087846087608746
0.12500000000000003 3.237493670581563
0.13000000000000003 3.366108920919875
0.13500000000000004 3.4946271536211753
0.14000000000000004 3.6230451652769804
0.14500000000000005 3.75135975530478
0.15000000000000005 3.879567726027772
0.15500000000000005 4.007665882754513
0.16000000000000006 4.135651033858499
0.16500000000000006 4.263519990857643
0.17000000000000007 4.391269568493686
0.17500000000000007 4.518896584811505
0.18000000000000008 4.646397861238334
0.18500000000000008 4.773770222662903
0.19000000000000009 4.9010104975144575
0.1950000000000001 5.028115517841714
0.2000000000000001 5.1550821193916905
0.2050000000000001 5.281907141688451
0.2100000000000001 5.408587428111738
0.2150000000000001 5.535119825975518
0.2200000000000001 5.661501186606394
0.22500000000000012 5.787728365421937
0.23000000000000012 5.9137982220088885
0.23500000000000013 6.03970762020126
0.24000000000000013 6.165453428158318
0.24500000000000013 6.291032518442446
0.2500000000000001 6.416441768096899
0.2550000000000001 6.541678058723432
0.2600000000000001 6.666738276559807
0.2650000000000001 6.791619312557172
0.27000000000000013 6.916318062457336
0.27500000000000013 7.040831426869876
0.28000000000000014 7.165156311349164
0.28500000000000014 7.289289626471215
0.29000000000000015 7.413228287910439
0.29500000000000015 7.536969216516241
0.30000000000000016 7.66050933838948
0.30500000000000016 7.783845584958797
0.31000000000000016 7.906974893056805
0.31500000000000017 8.029894204996127
0.3200000000000002 8.152600468645291
0.3250000000000002 8.275090637504494
0.3300000000000002 8.397361670781187
0.3350000000000002 8.519410533465543
0.3400000000000002 8.641234196405751
0.3450000000000002 8.762829636383161
0.3500000000000002 8.88419383618728
0.3550000000000002 9.005323784690601
0.3600000000000002 9.126216476923275
0.3650000000000002 9.246868914147633
0.3700000000000002 9.367278103932518
0.3750000000000002 9.48744106022749
0.3800000000000002 9.60735480343682
0.38500000000000023 9.727016360493357
0.39000000000000024 9.846422764932194
0.39500000000000024 9.96557105696418
0.40000000000000024 10.084458283549244
0.40500000000000025 10.203081498469556
0.41000000000000025 10.321437762402498
0.41500000000000026 10.439524142993468
0.42000000000000026 10.557337714928483
0.42500000000000027 10.674875560006635
0.43000000000000027 10.792134767212309
0.4350000000000003 10.909112432787262
0.4400000000000003 11.025805660302492
0.4450000000000003 11.14221156072992
0.4500000000000003 11.258327252513869
0.4550000000000003 11.374149861642378
0.4600000000000003 11.489676521718273
0.4650000000000003 11.60490437403011
0.4700000000000003 11.719830567622829
0.4750000000000003 11.8344522593683
0.4800000000000003 11.94876661403559
0.4850000000000003 12.062770804361078
0.4900000000000003 12.17646201111833
0.49500000000000033 12.28983742318779
0.5000000000000003 12.402894237626239
0.5050000000000003 12.515629659736065
0.5100000000000003 12.628040903134302
0.5150000000000003 12.740125189821471
0.5200000000000004 12.85187975025018
0.5250000000000004 12.963301823393532
0.5300000000000004 13.074388656813305
0.5350000000000004 13.185137506727893
0.5400000000000004 13.29554563808005
0.5450000000000004 13.4056103246044
0.5500000000000004 13.515328848894706
0.5550000000000004 13.624698502470928
0.5600000000000004 13.733716585846047
0.5650000000000004 13.842380408592659
0.5700000000000004 13.95068728940932
0.5750000000000004 14.058634556186698
0.5800000000000004 14.166219546073417
0.5850000000000004 14.273439605541743
0.5900000000000004 14.380292090452974
0.5950000000000004 14.486774366122617
0.6000000000000004 14.592883807385306
0.6050000000000004 14.69861779865948
0.6100000000000004 14.803973734011834
0.6150000000000004 14.908949017221488
0.6200000000000004 15.01354106184393
0.6250000000000004 15.117747291274702
0.6300000000000004 15.221565138812835
0.6350000000000005 15.32499204772404
0.6400000000000005 15.428025471303611
0.6450000000000005 15.530662872939105
0.6500000000000005 15.632901726172758
0.6550000000000005 15.734739514763623
0.6600000000000005 15.836173732749456
0.6650000000000005 15.937201884508356
0.6700000000000005 16.0378214848201
0.6750000000000005 16.13803005892726
0.6800000000000005 16.23782514259602
0.6850000000000005 16.337204282176728
0.6900000000000005 16.43616503466417
0.6950000000000005 16.534704967757637
0.7000000000000005 16.632821659920587
0.7050000000000005 16.730512700440173
0.7100000000000005 16.827775689486394
0.7150000000000005 16.924608238171036
0.7200000000000005 17.021007968606273
0.7250000000000005 17.116972513963038
0.7300000000000005 17.212499518529068
0.7350000000000005 17.307586637766732
0.7400000000000005 17.40223153837048
0.7450000000000006 17.49643189832408
0.7500000000000006 17.590185406957534
0.7550000000000006 17.68348976500373
0.7600000000000006 17.776342684654768
0.7650000000000006 17.868741889618015
0.7700000000000006 17.96068511517187
0.7750000000000006 18.052170108221226
0.7800000000000006 18.143194627352624
0.7850000000000006 18.233756442889156
0.7900000000000006 18.323853336944996
0.7950000000000006 18.413483103479695
0.8000000000000006 18.502643548352143
0.8050000000000006 18.59133248937425
0.8100000000000006 18.67954775636427
0.8150000000000006 18.767287191199905
0.8200000000000006 18.854548647871027
0.8250000000000006 18.94132999253211
0.8300000000000006 19.027629103554403
0.8350000000000006 19.113443871577708
0.8400000000000006 19.1987721995619
0.8450000000000006 19.283612002838158
0.8500000000000006 19.3679612091598
0.8550000000000006 19.451817758752867
0.8600000000000007 19.535179604366398
0.8650000000000007 19.61804471132231
0.8700000000000007 19.700411057565063
0.8750000000000007 19.782276633710914
0.8800000000000007 19.863639443096904
0.8850000000000007 19.944497501829503
0.8900000000000007 20.02484883883293
0.8950000000000007 20.104691495897153
0.9000000000000007 20.18402352772556
0.9050000000000007 20.262843001982304
0.9100000000000007 20.3411479993393
0.9150000000000007 20.41893661352294
0.9200000000000007 20.49620695136043
0.9250000000000007 20.572957132825813
0.9300000000000007 20.64918529108565
0.9350000000000007 20.72488957254439
0.9400000000000007 20.80006813688938
0.9450000000000007 20.874719157135537
0.9500000000000007 20.948840819669712
0.9550000000000007 21.022431324294683
0.9600000000000007 21.09548888427282
0.9650000000000007 21.168011726369407
0.9700000000000008 21.239998090895643
0.9750000000000008 21.31144623175126
0.9800000000000008 21.38235441646684
0.9850000000000008 21.45272092624572
0.9900000000000008 21.522544056005678
0.9950000000000008 21.591822114420108
1.0000000000000007 21.66055342395898
1.0050000000000006 21.72873632092938
1.0100000000000005 21.796369155515727
1.0150000000000003 21.863450291819632
1.0200000000000002 21.929978107899398
1.0250000000000001 21.995950995809206
1.03 22.061367361637863
1.035 22.126225625547306
1.0399999999999998 22.19052422181063
1.0449999999999997 22.254261598849897
1.0499999999999996 22.317436219273436
1.0549999999999995 22.38004655991292
1.0599999999999994 22.44209111185999
1.0649999999999993 22.50356838050257
1.0699999999999992 22.564476885560804
1.074999999999999 22.62481516112262
1.079999999999999 22.684581755678945
1.0849999999999989 22.743775232158576
1.0899999999999987 22.80239416796264
1.0949999999999986 22.86043715499871
1.0999999999999985 22.917902799714597
1.1049999999999984 22.97478972313169
1.1099999999999983 23.03109656087799
1.1149999999999982 23.08682196322079
1.119999999999998 23.141964595098905
1.124999999999998 23.19652313615462
1.129999999999998 23.250496280765223
1.1349999999999978 23.30388273807416
1.1399999999999977 23.356681232021852
1.1449999999999976 23.408890501376103
1.1499999999999975 23.46050929976216
1.1549999999999974 23.511536395692364
1.1599999999999973 23.561970572595495
1.1649999999999971 23.61181062884565
1.169999999999997 23.66105537779082
1.174999999999997 23.70970364778105
1.1799999999999968 23.75775428219623
1.1849999999999967 23.80520613947352
1.1899999999999966 23.85205809313435
1.1949999999999965 23.898309031811138
1.1999999999999964 23.94395785927351
1.2049999999999963 23.989003494454202
1.2099999999999962 24.03344487147459
1.214999999999996 24.077280939669816
1.219999999999996 24.120510663613523
1.2249999999999959 24.163133023142223
1.2299999999999958 24.20514701337927
1.2349999999999957 24.246551644758487
1.2399999999999956 24.28734594304732
1.2449999999999954 24.32752894936971
1.2499999999999953 24.367099720228502
1.2549999999999952 24.406057327527524
1.2599999999999951 24.4444008585932
1.264999999999995 24.482129416195892
1.269999999999995 24.519242118570734
1.2749999999999948 24.555738099438152
1.2799999999999947 24.59161650802399
1.2849999999999946 24.626876509079178
1.2899999999999945 24.661517282899133
1.2949999999999944 24.695538025342632
1.2999999999999943 24.728937947850408
1.3049999999999942 24.76171627746327
1.309999999999994 24.793872256839908
1.314999999999994 24.825405144274228
1.3199999999999938 24.85631421371235
1.3249999999999937 24.886598754769196
1.3299999999999936 24.916258072744682
1.3349999999999935 24.94529148863952
1.3399999999999934 24.973698339170596
1.3449999999999933 25.00147797678604
1.3499999999999932 25.02862976967978
1.354999999999993 25.05515310180582
1.359999999999993 25.081047372892005
1.3649999999999929 25.10631199845351
1.3699999999999928 25.130946409805833
1.3749999999999927 25.154950054077453
1.3799999999999926 25.178322394222068
1.3849999999999925 25.20106290903043
1.3899999999999924 25.223171093141808
1.3949999999999922 25.244646457055023
1.3999999999999921 25.265488527139112
1.404999999999992 25.28569684564357
1.409999999999992 25.305270970708225
1.4149999999999918 25.32421047637267
1.4199999999999917 25.342514952585347
1.4249999999999916 25.360184005212197
1.4299999999999915 25.377217256044915
1.4349999999999914 25.39361434280884
1.4399999999999913 25.40937491917037
1.4449999999999912 25.4244986547441
1.449999999999991 25.438985235099395
1.454999999999991 25.45283436176674
1.4599999999999909 25.466045752243566
1.4649999999999908 25.47861913999971
1.4699999999999906 25.490554274482506
1.4749999999999905 25.501850921121424
1.4799999999999904 25.512508861332364
1.4849999999999903 25.522527892521495
1.4899999999999902 25.531907828088762
1.4949999999999901 25.540648497430894
1.49999999999999 25.548749745944114
1.50499999999999 25.55621143502639
1.5099999999999898 25.56303344207931
1.5149999999999897 25.569215660509524
1.5199999999999896 25.574757999729837
1.5249999999999895 25.579660385159844
1.5299999999999894 25.583922758226215
1.5349999999999893 25.587545076362563
1.5399999999999892 25.590527313008884
1.544999999999989 25.592869457610632
1.549999999999989 25.594571515617403
1.5549999999999888 25.595633508481157
1.5599999999999887 25.596055473654122
1.5649999999999886 25.59583746458622
1.5699999999999885 25.59497955072218
1.5749999999999884 25.593481817498148
1.5799999999999883 25.59134436633798
1.5849999999999882 25.58856731464912
1.589999999999988 25.585150795818038
1.594999999999988 25.581094959205313
1.5999999999999879 25.5763999701403
1.6049999999999878 25.5710660099154
1.6099999999999877 25.565093275779933
1.6149999999999876 25.558481980933593
1.6199999999999875 25.551232354519563
1.6249999999999873 25.543344641617143
1.6299999999999872 25.534819103234064
1.6349999999999871 25.525656016298353
1.639999999999987 25.515855673649835
1.644999999999987 25.5054183840312
1.6499999999999868 25.49434447207869
1.6549999999999867 25.48263427831243
1.6599999999999866 25.470288159126298
1.6649999999999865 25.45730648677741
1.6699999999999864 25.443689649375266
1.6749999999999863 25.429438050870445
1.6799999999999862 25.41455211104292
1.684999999999986 25.399032265489968
1.689999999999986 25.382878965613727
1.6949999999999859 25.366092678608315
1.6999999999999857 25.34867388744655
1.7049999999999856 25.33062309086634
1.7099999999999855 25.311940803356592
1.7149999999999854 25.292627555142815
1.7199999999999853 25.272683892172264
1.7249999999999852 25.252110376098713
1.729999999999985 25.230907584266888
1.734999999999985 25.209076109696404
1.739999999999985 25.186616561065403
1.7449999999999848 25.163529562693775
1.7499999999999847 25.13981575452596
1.7549999999999846 25.115475792113426
1.7599999999999845 25.09051034659667
1.7649999999999844 25.064920104686923
1.7699999999999843 25.038705768647407
1.7749999999999841 25.011868056274206
1.779999999999984 24.984407700876794
1.784999999999984 24.956325451258145
1.7899999999999838 24.927622071694437
1.7949999999999837 24.898298341914447
1.7999999999999836 24.868355057078453
1.8049999999999835 24.83779302775685
1.8099999999999834 24.806613079908338
1.8149999999999833 24.774816054857723
1.8199999999999832 24.742402809273354
1.824999999999983 24.709374215144166
1.829999999999983 24.67573115975636
1.8349999999999829 24.641474545669663
1.8399999999999828 24.60660529069327
1.8449999999999827 24.571124327861344
1.8499999999999825 24.535032605408187
1.8549999999999824 24.498331086742994
1.8599999999999823 24.461020750424275
1.8649999999999822 24.42310259013384
1.8699999999999821 24.38457761465048
1.874999999999982 24.34544684782322
1.879999999999982 24.305711328544195
1.8849999999999818 24.265372110721216
1.8899999999999817 24.224430263249875
1.8949999999999816 24.182886869985357
1.8999999999999815 24.14074302971383
1.9049999999999814 24.097999856123465
1.9099999999999813 24.054658477775153
1.9149999999999812 24.010720038072748
1.919999999999981 23.96618569523302
1.924999999999981 23.92105662225522
1.9299999999999808 23.875334006890277
1.9349999999999807 23.829019051609603
1.9399999999999806 23.78211297357359
1.9449999999999805 23.734617004599695
1.9499999999999804 23.686532391130182
1.9549999999999803 23.63786039419949
1.9599999999999802 23.588602289401244
1.96499999999998 23.53875936685494
1.96999999999998 23.488332931172177
1.9749999999999799 23.437324301422656
1.9799999999999798 23.385734811099717
1.9849999999999797 23.333565808085556
1.9899999999999796 23.28081865461612
1.9949999999999795 23.227494727245574
1.9999999999999793 23.17359541681049
2.0049999999999795 23.11912212839362
2.0099999999999794 23.064076281287345
2.0149999999999793 23.008459308956787
2.019999999999979 22.952272659002546
2.024999999999979 22.89551779312308
2.029999999999979 22.838196187076772
2.034999999999979 22.780309330643618
2.0399999999999787 22.721858727586582
2.0449999999999786 22.66284589561259
2.0499999999999785 22.603272366333226
2.0549999999999784 22.543139685224986
2.0599999999999783 22.482449411589325
2.064999999999978 22.421203118512246
2.069999999999978 22.3594023928236
2.074999999999978 22.297048835056046
2.079999999999978 22.234144059403658
2.0849999999999778 22.17068969368021
2.0899999999999777 22.106687379277115
2.0949999999999775 22.042138771121017
2.0999999999999774 21.977045537631096
2.1049999999999773 21.91140936067595
2.1099999999999772 21.845231935530272
2.114999999999977 21.778514970831072
2.119999999999977 21.711260188533625
2.124999999999977 21.643469323867137
2.129999999999977 21.57514412528997
2.1349999999999767 21.506286354444658
2.1399999999999766 21.43689778611251
2.1449999999999765 21.366980208167952
2.1499999999999764 21.29653542153249
2.1549999999999763 21.225565240128407
2.159999999999976 21.154071490832095
2.164999999999976 21.082056013427096
2.169999999999976 21.009520660556813
2.174999999999976 20.936467297676895
2.1799999999999757 20.862897803007336
2.1849999999999756 20.78881406748422
2.1899999999999755 20.714217994711195
2.1949999999999754 20.639111500910584
2.1999999999999753 20.56349651487426
2.204999999999975 20.48737497791412
2.209999999999975 20.410748843812332
2.214999999999975 20.333620078771226
2.219999999999975 20.255990661362894
2.2249999999999748 20.177862582478486
2.2299999999999747 20.099237845277226
2.2349999999999746 20.020118465135056
2.2399999999999745 19.94050646959308
2.2449999999999743 19.860403898305627
2.2499999999999742 19.77981280298804
2.254999999999974 19.69873524736421
2.259999999999974 19.617173307113728
2.264999999999974 19.535129069818847
2.269999999999974 19.45260463491107
2.2749999999999737 19.36960211361747
2.2799999999999736 19.28612362890676
2.2849999999999735 19.202171315435002
2.2899999999999734 19.117747319491112
2.2949999999999733 19.032853798941993
2.299999999999973 18.94749292317746
2.304999999999973 18.86166687305485
2.309999999999973 18.775377840843323
2.314999999999973 18.68862803016793
2.3199999999999728 18.601419655953404
2.3249999999999726 18.51375494436762
2.3299999999999725 18.425636132764822
2.3349999999999724 18.337065469628595
2.3399999999999723 18.248045214514487
2.344999999999972 18.15857763799247
2.349999999999972 18.068665021589027
2.354999999999972 17.978309657729024
2.359999999999972 17.887513849677326
2.364999999999972 17.796279911480102
2.3699999999999717 17.70461016790592
2.3749999999999716 17.612506954386525
2.3799999999999715 17.519972616957418
2.3849999999999714 17.427009512198097
2.3899999999999713 17.333620007172133
2.394999999999971 17.239806479366905
2.399999999999971 17.145571316633145
2.404999999999971 17.050916917124173
2.409999999999971 16.955845689234945
2.4149999999999707 16.860360051540788
2.4199999999999706 16.764462432735932
2.4249999999999705 16.668155271571763
2.4299999999999704 16.57144101679486
2.4349999999999703 16.474322127084765
2.43999999999997 16.376801070991515
2.44499999999997 16.27888032687296
2.44999999999997 16.18056238283181
2.45499999999997 16.08184973665242
2.4599999999999698 15.982744895737431
2.4649999999999697 15.883250377044098
2.4699999999999696 15.78336870702039
2.4749999999999694 15.683102421540886
2.4799999999999693 15.582454065842462
2.4849999999999692 15.481426194459678
2.489999999999969 15.380021371159994
2.494999999999969 15.278242168878775
2.499999999999969 15.176091169654011
2.504999999999969 15.073570964560881
2.5099999999999687 14.970684153646053
2.5149999999999686 14.86743334586179
2.5199999999999685 14.763821158999832
2.5249999999999684 14.65985021962506
2.5299999999999683 14.555523163008951
2.534999999999968 14.450842633062836
2.539999999999968 14.345811282270914
2.544999999999968 14.240431771623092
2.549999999999968 14.134706770547615
2.5549999999999677 14.02863895684346
2.5599999999999676 13.922231016612571
2.5649999999999675 13.815485644191867
2.5699999999999674 13.708405542085043
2.5749999999999673 13.60099342089422
2.579999999999967 13.49325199925133
2.584999999999967 13.385184003749375
2.589999999999967 13.276792168873436
2.594999999999967 13.168079236931547
2.599999999999967 13.059047957985316
2.6049999999999667 12.949701089780428
2.6099999999999666 12.84004139767692
2.6149999999999665 12.730071654579268
2.6199999999999664 12.619794640866328
2.6249999999999662 12.509213144321055
2.629999999999966 12.398329960060089
2.634999999999966 12.287147890463109
2.639999999999966 12.175669745102079
2.644999999999966 12.063898340670255
2.6499999999999657 11.951836500911071
2.6549999999999656 11.839487056546838
2.6599999999999655 11.72685284520726
2.6649999999999654 11.613936711357804
2.6699999999999653 11.50074150622792
2.674999999999965 11.387270087739054
2.679999999999965 11.273525320432542
2.684999999999965 11.159510075397327
2.689999999999965 11.04522723019753
2.6949999999999648 10.930679668799844
2.6999999999999647 10.81587028150081
2.7049999999999645 10.70080196485392
2.7099999999999644 10.585477621596553
2.7149999999999643 10.469900160576815
2.7199999999999642 10.354072496680182
2.724999999999964 10.237997550756031
2.729999999999964 10.121678249544011
2.734999999999964 10.00511752560029
2.739999999999964 9.888318317223657
2.7449999999999637 9.771283568381474
2.7499999999999636 9.654016228635516
2.7549999999999635 9.536519253067674
2.7599999999999634 9.418795602205508
2.7649999999999633 9.300848241947701
2.769999999999963 9.182680143489362
2.774999999999963 9.06429428324721
2.779999999999963 8.945693642784649
2.784999999999963 8.826881208736701
2.7899999999999627 8.70785997273483
2.7949999999999626 8.588632931331661
2.7999999999999625 8.46920308592555
2.8049999999999624 8.34957344268507
2.8099999999999623 8.22974701247339
2.814999999999962 8.109726810772504
2.819999999999962 7.989515857607399
2.824999999999962 7.8691171774700885
2.829999999999962 7.748533799243554
2.8349999999999618 7.627768756125571
2.8399999999999617 7.506825085552458
2.8449999999999616 7.385705829122696
2.8499999999999615 7.2644140325204845
2.8549999999999613 7.142952745439182
2.8599999999999612 7.021325021504655
2.864999999999961 6.89953391819854
2.869999999999961 6.777582496781429
2.874999999999961 6.655473822215942
2.879999999999961 6.5332109630897355
2.8849999999999607 6.410796991538424
2.8899999999999606 6.288234983168414
2.8949999999999605 6.165528016979662
2.8999999999999604 6.042679175288365
2.9049999999999603 5.919691543649553
2.90999999999996 5.796568210779641
2.91499999999996 5.6733122684788695
2.91999999999996 5.549926811553721
2.92499999999996 5.426414937739224
2.9299999999999597 5.302779747621228
2.9349999999999596 5.179024344558593
2.9399999999999595 5.055151834605327
2.9449999999999594 4.931165326432658
2.9499999999999593 4.807067931251057
2.954999999999959 4.682862762732199
2.959999999999959 4.558552936930865
2.964999999999959 4.434141572206809
2.969999999999959 4.309631789146557
2.974999999999959 4.185026710485166
2.9799999999999587 4.060329461027944
2.9849999999999586 3.935543167572109
2.9899999999999585 3.8106709588284247
2.9949999999999584 3.685715965342786
2.9999999999999583 3.5606813194177627
3.004999999999958 3.4355701550341187
3.009999999999958 3.3103856077722886
3.014999999999958 3.1851308147338235
3.019999999999958 3.059808914462811
3.0249999999999577 2.9344230468672574
3.0299999999999576 2.8089763531404564
3.0349999999999575 2.6834719756823233
3.0399999999999574 2.557913058020711
3.0449999999999573 2.4323027447327075
3.049999999999957 2.30664418136591
3.054999999999957 2.180940514359685
3.059999999999957 2.055194890966418
3.064999999999957 1.9294104591727446
3.0699999999999568 1.8035903676207723
3.0749999999999567 1.6777377655292987
3.0799999999999566 1.5518558026150169
3.0849999999999564 1.4259476290137194
3.0899999999999563 1.300016395201501
3.0949999999999562 1.1740652519159551
3.099999999999956 1.0480973500773798
3.104999999999956 0.9221158407099805
3.109999999999956 0.7961238748630792
3.114999999999956 0.6701246035323348
3.1199999999999557 0.5441211775809677
3.1249999999999556 0.41811674766099766
3.1299999999999555 0.292114464134496
3.1349999999999554 0.16611747699485105
3.1399999999999553 0.0401289357880515
3.144999999999955 -0.08584801046601126
3.149999999999955 -0.21181021335221972
3.154999999999955 -0.3377545251388841
3.159999999999955 -0.463677798856371
3.1649999999999547 -0.5895768883757049
3.1699999999999546 -0.7154486484871417
3.1749999999999545 -0.8412899349787103
3.1799999999999544 -0.967097604714722
3.1849999999999543 -1.0928685157142455
3.189999999999954 -1.218599527229544
3.194999999999954 -1.3442874998244747
3.199999999999954 -1.4699292954528473
3.204999999999954 -1.5955217775367396
3.209999999999954 -1.7210618110447702
3.2149999999999537 -1.846546262570321
3.2199999999999536 -1.9719720004097157
3.2249999999999535 -2.0973358946403464
3.2299999999999534 -2.222634817198743
3.2349999999999532 -2.3478656419585997
3.239999999999953 -2.473025244808731
3.244999999999953 -2.5981105037309806
3.249999999999953 -2.7231182988780676
3.254999999999953 -2.8480455126513657
3.2599999999999527 -2.972889029778623
3.2649999999999526 -3.097645737391618
3.2699999999999525 -3.2223125251037397
3.2749999999999524 -3.3468862850875083
3.2799999999999523 -3.471363912152013
3.284999999999952 -3.5957423038202863
3.289999999999952 -3.720018360406596
3.294999999999952 -3.844188985093665
3.299999999999952 -3.968251084009801
3.3049999999999518 -4.092201566305962
3.3099999999999516 -4.216037344232724
3.3149999999999515 -4.33975533321717
3.3199999999999514 -4.463352451939685
3.3249999999999513 -4.586825622410677
3.329999999999951 -4.71017177004719
3.334999999999951 -4.833387823749434
3.339999999999951 -4.956470715977219
3.344999999999951 -5.079417382826287
3.349999999999951 -5.2022247641045585
3.3549999999999507 -5.324889803408257
3.3599999999999506 -5.447409448197955
3.3649999999999505 -5.5697806498745015
3.3699999999999504 -5.692000363854842
3.3749999999999503 -5.814065549647743
3.37999999999995 -5.935973170929394
3.38499999999995 -6.0577201956189
3.38999999999995 -6.1793035959536695
3.39499999999995 -6.300720348564677
3.3999999999999497 -6.421967434551607
3.4049999999999496 -6.543041839557895
3.4099999999999495 -6.6639405538456185
3.4149999999999494 -6.7846605723703055
3.4199999999999493 -6.9051988948555705
3.424999999999949 -7.0255525258676625
3.429999999999949 -7.145718474889869
3.434999999999949 -7.265693756396786
3.439999999999949 -7.385475389928465
3.4449999999999488 -7.50506040016442
3.4499999999999487 -7.624445816997499
3.4549999999999486 -7.743628675607619
3.4599999999999485 -7.862606016535369
3.4649999999999483 -7.981374885755449
3.4699999999999482 -8.099932334749989
3.474999999999948 -8.218275420581724
3.479999999999948 -8.336401205967
3.484999999999948 -8.45430675934864
3.489999999999948 -8.571989154968682
3.4949999999999477 -8.689445472940932
3.4999999999999476 -8.806672799323383
3.5049999999999475 -8.923668226190472
3.5099999999999474 -9.040428851705181
3.5149999999999473 -9.15695178019097
3.519999999999947 -9.273234122203572
3.524999999999947 -9.389272994602592
3.529999999999947 -9.505065520622972
3.534999999999947 -9.620608829946267
3.5399999999999467 -9.735900058771765
3.5449999999999466 -9.85093634988744
3.5499999999999465 -9.965714852740716
3.5549999999999464 -10.080232723509072
3.5599999999999463 -10.194487125170472
3.564999999999946 -10.308475227573616
3.569999999999946 -10.422194207507996
3.574999999999946 -10.535641248773796
3.579999999999946 -10.64881354225161
3.584999999999946 -10.76170828597194
3.5899999999999457 -10.874322685184552
3.5949999999999456 -10.986653952427629
3.5999999999999455 -11.09869930759671
3.6049999999999454 -11.210455978013488
3.6099999999999453 -11.321921198494367
3.614999999999945 -11.43309221141886
3.619999999999945 -11.543966266797758
3.624999999999945 -11.654540622341141
3.629999999999945 -11.764812543526162
3.6349999999999447 -11.87477930366462
3.6399999999999446 -11.984438183970378
3.6449999999999445 -12.093786473626512
3.6499999999999444 -12.202821469852317
3.6549999999999443 -12.31154047797006
3.659999999999944 -12.41994081147154
3.664999999999944 -12.528019792084443
3.669999999999944 -12.635774749838479
3.674999999999944 -12.743203023131297
3.6799999999999438 -12.850301958794194
3.6849999999999437 -12.957068912157615
3.6899999999999435 -13.0635012471164
3.6949999999999434 -13.16959633619486
3.6999999999999433 -13.275351560611588
3.7049999999999432 -13.380764310344063
3.709999999999943 -13.485831984193027
3.714999999999943 -13.590551989846649
3.719999999999943 -13.694921743944434
3.724999999999943 -13.798938672140913
3.7299999999999427 -13.902600209169115
3.7349999999999426 -14.005903798903784
3.7399999999999425 -14.108846894424378
3.7449999999999424 -14.211426958077823
3.7499999999999423 -14.313641461541021
3.754999999999942 -14.415487885883145
3.759999999999942 -14.51696372162766
3.764999999999942 -14.618066468814135
3.769999999999942 -14.718793637059774
3.7749999999999417 -14.819142745620733
3.7799999999999416 -14.919111323453173
3.7849999999999415 -15.018696909274082
3.7899999999999414 -15.117897051621805
3.7949999999999413 -15.216709308916386
3.799999999999941 -15.315131249519597
3.804999999999941 -15.413160451794742
3.809999999999941 -15.510794504166222
3.814999999999941 -15.608031005178788
3.8199999999999408 -15.704867563556586
3.8249999999999407 -15.801301798261937
3.8299999999999406 -15.89733133855381
3.8349999999999405 -15.992953824046094
3.8399999999999403 -16.088166904765554
3.8449999999999402 -16.182968241209554
3.84999999999994 -16.277355504403502
3.85499999999994 -16.371326375958002
3.85999999999994 -16.464878548125796
3.86499999999994 -16.558009723858365
3.8699999999999397 -16.65071761686229
3.8749999999999396 -16.74299995165537
3.8799999999999395 -16.83485446362238
3.8849999999999394 -16.92627889907064
3.8899999999999393 -17.017271015285253
3.894999999999939 -17.107828580584087
3.899999999999939 -17.19794937437246
3.904999999999939 -17.287631187197537
3.909999999999939 -17.376871820802474
3.9149999999999388 -17.465669088180267
3.9199999999999386 -17.554020813627258
3.9249999999999385 -17.64192483279645
3.9299999999999384 -17.729378992750465
3.9349999999999383 -17.81638115201422
3.939999999999938 -17.902929180627325
3.944999999999938 -17.989020960196196
3.949999999999938 -18.07465438394584
3.954999999999938 -18.159827356771377
3.959999999999938 -18.24453779528926
3.9649999999999377 -18.32878362788817
3.9699999999999376 -18.41256279477966
3.9749999999999375 -18.49587324804843
3.9799999999999374 -18.578712951702382
3.9849999999999373 -18.6610798817223
3.989999999999937 -18.742972026111275
3.994999999999937 -18.824387384943797
3.999999999999937 -18.905323970414543
4.004999999999937 -18.98577980688687
4.009999999999937 -19.06575293094099
4.014999999999937 -19.145241391421838
4.0199999999999365 -19.22424324948662
4.024999999999936 -19.30275657865207
4.029999999999936 -19.380779464841346
4.034999999999936 -19.4583100064307
4.039999999999936 -19.53534631429571
4.044999999999936 -19.611886511857307
4.049999999999936 -19.68792873512741
4.054999999999936 -19.763471132754322
4.059999999999936 -19.838511866067645
4.0649999999999356 -19.913049109123108
4.0699999999999354 -19.987081048746848
4.074999999999935 -20.060605884579516
4.079999999999935 -20.133621829119992
4.084999999999935 -20.206127107768786
4.089999999999935 -20.278119958871127
4.094999999999935 -20.349598633759683
4.099999999999935 -20.420561396797016
4.104999999999935 -20.49100652541766
4.109999999999935 -20.560932310169868
4.1149999999999345 -20.630337054757053
4.119999999999934 -20.69921907607888
4.124999999999934 -20.767576704272013
4.129999999999934 -20.835408282750564
4.134999999999934 -20.90271216824616
4.139999999999934 -20.96948673084771
4.144999999999934 -21.035730354040798
4.149999999999934 -21.101441434746786
4.154999999999934 -21.166618383361534
4.1599999999999335 -21.231259623793797
4.164999999999933 -21.29536359350327
4.169999999999933 -21.35892874353831
4.174999999999933 -21.421953538573305
4.179999999999933 -21.484436456945684
4.184999999999933 -21.546375990692596
4.189999999999933 -21.607770645587255
4.194999999999933 -21.668618941174902
4.199999999999933 -21.728919410808476
4.204999999999933 -21.788670601683847
4.2099999999999325 -21.84787107487481
4.214999999999932 -21.90651940536764
4.219999999999932 -21.96461418209532
4.224999999999932 -22.02215400797147
4.229999999999932 -22.07913749992382
4.234999999999932 -22.13556328892743
4.239999999999932 -22.191430020037497
4.244999999999932 -22.246736352421806
4.249999999999932 -22.301480959392883
4.2549999999999315 -22.355662528439705
4.259999999999931 -22.409279761259132
4.264999999999931 -22.46233137378691
4.269999999999931 -22.514816096228387
4.274999999999931 -22.566732673088808
4.279999999999931 -22.618079863203274
4.284999999999931 -22.66885643976637
4.289999999999931 -22.71906119036135
4.294999999999931 -22.768692916989053
4.2999999999999305 -22.8177504360964
4.30499999999993 -22.866232578604524
4.30999999999993 -22.914138189936583
4.31499999999993 -22.961466130045135
4.31999999999993 -23.008215273439227
4.32499999999993 -23.05438450921105
4.32999999999993 -23.099972741062277
4.33499999999993 -23.144978887329987
4.33999999999993 -23.189401881012262
4.34499999999993 -23.233240669793393
4.3499999999999295 -23.27649421606872
4.354999999999929 -23.319161496969098
4.359999999999929 -23.361241504385
4.364999999999929 -23.40273324499025
4.369999999999929 -23.443635740265382
4.374999999999929 -23.48394802652059
4.379999999999929 -23.523669154918398
4.384999999999929 -23.56279819149584
4.389999999999929 -23.601334217186352
4.3949999999999285 -23.63927632784125
4.399999999999928 -23.67662363425087
4.404999999999928 -23.71337526216526
4.409999999999928 -23.74953035231456
4.414999999999928 -23.78508806042902
4.419999999999928 -23.82004755725855
4.424999999999928 -23.854408028591997
4.429999999999928 -23.888168675275974
4.434999999999928 -23.921328713233333
4.439999999999928 -23.953887373481287
4.4449999999999275 -23.985843902149085
4.449999999999927 -24.017197560495386
4.454999999999927 -24.047947624925186
4.459999999999927 -24.07809338700642
4.464999999999927 -24.107634153486142
4.469999999999927 -24.13656924630633
4.474999999999927 -24.164898002619356
4.479999999999927 -24.19261977480299
4.484999999999927 -24.2197339304751
4.4899999999999265 -24.24623985250793
4.494999999999926 -24.272136939042003
4.499999999999926 -24.297424603499643
4.504999999999926 -24.32210227459811
4.509999999999926 -24.346169396362345
4.514999999999926 -24.369625428137365
4.519999999999926 -24.392469844600217
4.524999999999926 -24.41470213577161
4.529999999999926 -24.43632180702709
4.5349999999999255 -24.45732837910791
4.539999999999925 -24.47772138813146
4.544999999999925 -24.49750038560133
4.549999999999925 -24.516664938416973
4.554999999999925 -24.535214628883004
4.559999999999925 -24.553149054718105
4.564999999999925 -24.570467829063528
4.569999999999925 -24.58717058049125
4.574999999999925 -24.603256953011687
4.579999999999925 -24.618726606081065
4.5849999999999245 -24.633579214608393
4.589999999999924 -24.64781446896203
4.594999999999924 -24.661432074975895
4.599999999999924 -24.674431753955286
4.604999999999924 -24.686813242682252
4.609999999999924 -24.69857629342069
4.614999999999924 -24.70972067392095
4.619999999999924 -24.720246167424094
4.624999999999924 -24.730152572665784
4.6299999999999235 -24.739439703879754
4.634999999999923 -24.748107390800907
4.639999999999923 -24.756155478668017
4.644999999999923 -24.76358382822606
4.649999999999923 -24.77039231572813
4.654999999999923 -24.776580832936986
4.659999999999923 -24.782149287126217
4.664999999999923 -24.787097601081
4.669999999999923 -24.791425713098484
4.6749999999999226 -24.795133576987773
4.6799999999999224 -24.79822116206954
4.684999999999922 -24.800688453175248
4.689999999999922 -24.802535450645948
4.694999999999922 -24.80376217033076
4.699999999999922 -24.8043686435849
4.704999999999922 -24.80435491726735
4.709999999999922 -24.803721053738137
4.714999999999922 -24.802467130855234
4.719999999999922 -24.800593241971054
4.7249999999999215 -24.798099495928554
4.729999999999921 -24.794986017057
4.734999999999921 -24.791252945167265
4.739999999999921 -24.786900435546833
4.744999999999921 -24.781928658954325
4.749999999999921 -24.77633780161372
4.754999999999921 -24.770128065208127
4.759999999999921 -24.7632996668732
4.764999999999921 -24.755852839190183
4.7699999999999205 -24.747787830178527
4.77499999999992 -24.73910490328816
4.77999999999992 -24.729804337391357
4.78499999999992 -24.71988642677421
4.78999999999992 -24.70935148112776
4.79499999999992 -24.698199825538683
4.79999999999992 -24.686431800479628
4.80499999999992 -24.674047761799194
4.80999999999992 -24.66104808071146
4.81499999999992 -24.647433143785186
4.8199999999999195 -24.63320335293261
4.824999999999919 -24.61835912539787
4.829999999999919 -24.60290089374503
4.834999999999919 -24.586829105845737
4.839999999999919 -24.570144224866503
4.844999999999919 -24.552846729255577
4.849999999999919 -24.53493711272947
4.854999999999919 -24.516415884259075
4.859999999999919 -24.497283568055426
4.8649999999999185 -24.477540703555064
4.869999999999918 -24.457187845405034
4.874999999999918 -24.436225563447472
4.879999999999918 -24.414654442703878
4.884999999999918 -24.392475083358942
4.889999999999918 -24.369688100744035
4.894999999999918 -24.3462941253203
4.899999999999918 -24.3222938026614
4.904999999999918 -24.29768779343583
4.9099999999999175 -24.272476773388934
4.914999999999917 -24.246661433324462
4.919999999999917 -24.22024247908582
4.924999999999917 -24.193220631536906
4.929999999999917 -24.1655966265426
4.934999999999917 -24.137371214948846
4.939999999999917 -24.108545162562393
4.944999999999917 -24.079119250130155
4.949999999999917 -24.0490942733182
4.954999999999917 -24.01847104269035
4.9599999999999165 -23.987250383686455
4.964999999999916 -23.95543313660022
4.969999999999916 -23.923020156556767
4.974999999999916 -23.890012313489745
4.979999999999916 -23.856410492118087
4.984999999999916 -23.82221559192244
4.989999999999916 -23.787428527121193
4.994999999999916 -23.752050226646123
4.999999999999916 -23.71608163411774
5.0049999999999155 -23.679523707820188
5.009999999999915 -23.64237742067585
5.014999999999915 -23.60464376021954
5.019999999999915 -23.566323728572357
5.024999999999915 -23.527418342415196
5.029999999999915 -23.487928632961818
5.034999999999915 -23.44785564593168
5.039999999999915 -23.407200441522296
5.044999999999915 -23.365964094381305
5.049999999999915 -23.324147693578144
5.0549999999999145 -23.281752342575388
5.059999999999914 -23.23877915919972
5.064999999999914 -23.195229275612547
5.069999999999914 -23.151103838280264
5.074999999999914 -23.10640400794415
5.079999999999914 -23.06113095958994
5.084999999999914 -23.015285882417004
5.089999999999914 -22.968869979807213
5.094999999999914 -22.92188446929341
5.0999999999999135 -22.87433058252759
5.104999999999913 -22.826209565248668
5.109999999999913 -22.777522677249923
5.114999999999913 -22.728271192346124
5.119999999999913 -22.678456398340252
5.124999999999913 -22.628079596989924
5.129999999999913 -22.577142103973433
5.134999999999913 -22.525645248855493
5.139999999999913 -22.47359037505257
5.1449999999999125 -22.420978839797947
5.149999999999912 -22.36781201410638
5.154999999999912 -22.31409128273847
5.159999999999912 -22.259818044164643
5.164999999999912 -22.204993710528832
5.169999999999912 -22.149619707611805
5.174999999999912 -22.093697474794133
5.179999999999912 -22.037228465018877
5.184999999999912 -21.980214144753884
5.189999999999912 -21.92265599395377
5.1949999999999115 -21.864555506021592
5.199999999999911 -21.805914187770135
5.204999999999911 -21.74673355938294
5.209999999999911 -21.6870151543749
5.214999999999911 -21.62676051955267
5.219999999999911 -21.565971214974578
5.224999999999911 -21.50464881391036
5.229999999999911 -21.442794902800486
5.234999999999911 -21.38041108121516
5.2399999999999105 -21.31749896181305
5.24499999999991 -21.254060170299642
5.24999999999991 -21.19009634538529
5.25499999999991 -21.125609138742945
5.25999999999991 -21.060600214965575
5.26499999999991 -20.99507125152325
5.26999999999991 -20.929023938719915
5.27499999999991 -20.862459979649845
5.27999999999991 -20.795381090153796
5.2849999999999095 -20.72778899877482
5.289999999999909 -20.659685446713787
5.294999999999909 -20.591072187784587
5.299999999999909 -20.52195098836902
5.304999999999909 -20.452323627371367
5.309999999999909 -20.382191896172692
5.314999999999909 -20.311557598584777
5.319999999999909 -20.240422550803792
5.324999999999909 -20.168788581363653
5.329999999999909 -20.096657531089075
5.3349999999999085 -20.02403125304832
5.339999999999908 -19.950911612505625
5.344999999999908 -19.87730048687337
5.349999999999908 -19.80319976566393
5.354999999999908 -19.7286113504412
5.359999999999908 -19.653537154771858
5.364999999999908 -19.57797910417635
5.369999999999908 -19.501939136079518
5.374999999999908 -19.42541919976098
5.3799999999999075 -19.348421256305233
5.384999999999907 -19.270947278551414
5.389999999999907 -19.192999251042814
5.394999999999907 -19.114579169976096
5.399999999999907 -19.035689043150217
5.404999999999907 -18.95633088991507
5.409999999999907 -18.87650674111984
5.414999999999907 -18.796218639061095
5.419999999999907 -18.71546863743056
5.424999999999907 -18.634258801262657
5.4299999999999065 -18.5525912068817
5.434999999999906 -18.470467941848923
5.439999999999906 -18.387891104909098
5.444999999999906 -18.304862805936995
5.449999999999906 -18.221385165883476
5.454999999999906 -18.137460316721395
5.459999999999906 -18.053090401391195
5.464999999999906 -17.968277573746203
5.469999999999906 -17.883023998497716
5.4749999999999055 -17.7973318511598
5.479999999999905 -17.71120331799379
5.484999999999905 -17.624640595952584
5.489999999999905 -17.537645892624646
5.494999999999905 -17.450221426177716
5.499999999999905 -17.362369425302354
5.504999999999905 -17.27409212915511
5.509999999999905 -17.18539178730153
5.514999999999905 -17.096270659658867
5.5199999999999045 -17.006731016438533
5.524999999999904 -16.916775138088333
5.529999999999904 -16.826405315234403
5.534999999999904 -16.735623848622943
5.539999999999904 -16.644433049061682
5.544999999999904 -16.55283523736108
5.549999999999904 -16.460832744275336
5.554999999999904 -16.36842791044309
5.559999999999904 -16.27562308632793
5.564999999999904 -16.18242063215866
5.5699999999999035 -16.088822917869294
5.574999999999903 -15.994832323038828
5.579999999999903 -15.900451236830817
5.584999999999903 -15.805682057932648
5.589999999999903 -15.710527194494642
5.594999999999903 -15.614989064068881
5.599999999999903 -15.519070093547857
5.604999999999903 -15.422772719102829
5.609999999999903 -15.326099386122008
5.6149999999999025 -15.229052549148482
5.619999999999902 -15.131634671817963
5.624999999999902 -15.033848226796248
5.629999999999902 -14.935695695716522
5.634999999999902 -14.837179569116406
5.639999999999902 -14.738302346374805
5.644999999999902 -14.639066535648535
5.649999999999902 -14.539474653808735
5.654999999999902 -14.439529226377076
5.6599999999999016 -14.339232787461754
5.6649999999999014 -14.238587879693268
5.669999999999901 -14.13759705416002
5.674999999999901 -14.036262870343654
5.679999999999901 -13.934587896054268
5.684999999999901 -13.83257470736534
5.689999999999901 -13.730225888548539
5.694999999999901 -13.627544032008263
5.699999999999901 -13.524531738216028
5.704999999999901 -13.421191615644641
5.7099999999999005 -13.317526280702193
5.7149999999999 -13.21353835766584
5.7199999999999 -13.109230478615409
5.7249999999999 -13.004605283366825
5.7299999999999 -12.899665419405327
5.7349999999999 -12.794413541818507
5.7399999999999 -12.688852313229182
5.7449999999999 -12.582984403728068
5.7499999999999 -12.476812490806266
5.7549999999998995 -12.370339259287599
5.759999999999899 -12.263567401260744
5.764999999999899 -12.156499616011205
5.769999999999899 -12.049138609953106
5.774999999999899 -11.941487096560808
5.779999999999899 -11.833547796300378
5.784999999999899 -11.72532343656086
5.789999999999899 -11.616816751585407
5.794999999999899 -11.508030482402228
5.799999999999899 -11.39896737675538
5.8049999999998985 -11.289630189035405
5.809999999999898 -11.180021680209801
5.814999999999898 -11.070144617753336
5.819999999999898 -10.960001775578203
5.824999999999898 -10.84959593396403
5.829999999999898 -10.738929879487735
5.834999999999898 -10.628006404953227
5.839999999999898 -10.51682830932095
5.844999999999898 -10.405398397637304
5.8499999999998975 -10.293719480963905
5.854999999999897 -10.18179437630669
5.859999999999897 -10.069625906544916
5.864999999999897 -9.957216900359974
5.869999999999897 -9.844570192164106
5.874999999999897 -9.73168862202896
5.879999999999897 -9.618575035614024
5.884999999999897 -9.505232284094912
5.889999999999897 -9.391663224091547
5.8949999999998965 -9.27787071759618
5.899999999999896 -9.163857631901307
5.904999999999896 -9.049626839527456
5.909999999999896 -8.935181218150845
5.914999999999896 -8.820523650530921
5.919999999999896 -8.70565702443778
5.924999999999896 -8.590584232579463
5.929999999999896 -8.47530817252915
5.934999999999896 -8.359831746652228
5.939999999999896 -8.244157862033244
5.9449999999998955 -8.12828943040276
5.949999999999895 -8.012229368064082
5.954999999999895 -7.895980595819901
5.959999999999895 -7.779546038898818
5.964999999999895 -7.6629286268817625
5.969999999999895 -7.546131293628315
5.974999999999895 -7.429156977202938
5.979999999999895 -7.312008619801087
5.984999999999895 -7.194689167675248
5.9899999999998945 -7.0772015710608684
5.994999999999894 -6.959548784102204
5.999999999999894 -6.841733764778061
