0.0 0.0
0.005 0.3849791463967867
0.01 0.7699101718639675
0.015 1.1547834574766778
0.02 1.5395893867154635
0.025 1.9243183457064632
0.030000000000000002 2.3089607234615044
0.035 2.6935069121180986
0.04 3.0779473071793393
0.045 3.4622723077536888
0.049999999999999996 3.846472316794649
0.05499999999999999 4.230537741340319
0.05999999999999999 4.614458992752818
0.06499999999999999 4.998226486957581
0.06999999999999999 5.3818306446825215
0.075 5.765261891697035
0.08 6.148510659050868
0.085 6.531567383312825
0.09000000000000001 6.914422506809316
0.09500000000000001 7.297066477862727
0.10000000000000002 7.679489751029629
0.10500000000000002 8.061682787338802
0.11000000000000003 8.443636054529073
0.11500000000000003 8.82534002728696
0.12000000000000004 9.206785187484128
0.12500000000000003 9.58796202441463
0.13000000000000003 9.968861035031937
0.13500000000000004 10.349472724185787
0.14000000000000004 10.72978760485875
0.14500000000000005 11.109796198402618
0.15000000000000005 11.489489034774556
0.15500000000000005 11.868856652772983
0.16000000000000006 12.247889600273249
0.16500000000000006 12.626578434463019
0.17000000000000007 13.004913722077456
0.17500000000000007 13.38288603963407
0.18000000000000008 13.760485973667377
0.18500000000000008 14.137704120963214
0.19000000000000009 14.514531088792817
0.1950000000000001 14.890957495146615
0.2000000000000001 15.266973968967699
0.2050000000000001 15.642571150385027
0.2100000000000001 16.0177396909463
0.2150000000000001 16.392470253850572
0.2200000000000001 16.766753514180476
0.22500000000000012 17.140580159134196
0.23000000000000012 17.513940888257093
0.23500000000000013 17.886826413672964
0.24000000000000013 18.259227460315017
0.24500000000000013 18.63113476615647
0.2500000000000001 19.002539082440816
0.2550000000000001 19.373431173911705
0.2600000000000001 19.743801819042506
0.2650000000000001 20.113641810265474
0.27000000000000013 20.482941954200573
0.27500000000000013 20.851693071883865
0.28000000000000014 21.219885998995597
0.28500000000000014 21.587511586087828
0.29000000000000015 21.954560698811683
0.29500000000000015 22.321024218144252
0.30000000000000016 22.686893040614997
0.30500000000000016 23.05215807853182
0.31000000000000016 23.41681026020669
0.31500000000000017 23.780840530180832
0.3200000000000002 24.144239849449512
0.3250000000000002 24.506999195686387
0.3300000000000002 24.86910956346736
0.3350000000000002 25.230561964494107
0.3400000000000002 25.591347427817034
0.3450000000000002 25.951457000057825
0.3500000000000002 26.310881745631562
0.3550000000000002 26.66961274696832
0.3600000000000002 27.027641104734318
0.3650000000000002 27.384957938052604
0.3700000000000002 27.741554384723226
0.3750000000000002 28.09742160144295
0.3800000000000002 28.452550764024426
0.38500000000000023 28.80693306761494
0.39000000000000024 29.160559726914578
0.39500000000000024 29.513421976393918
0.40000000000000024 29.86551107051123
0.40500000000000025 30.21681828392907
0.41000000000000025 30.567334911730477
0.41500000000000026 30.9170522696345
0.42000000000000026 31.26596169421128
0.42500000000000027 31.614054543096568
0.43000000000000027 31.961322195205682
0.4350000000000003 32.30775605094689
0.4400000000000003 32.65334753243431
0.4450000000000003 32.99808808370015
0.4500000000000003 33.34196917090647
0.4550000000000003 33.68498228255627
0.4600000000000003 34.02711892970412
0.4650000000000003 34.36837064616609
0.4700000000000003 34.70872898872915
0.4750000000000003 35.04818553735996
0.4800000000000003 35.38673189541309
0.4850000000000003 35.72435968983857
0.4900000000000003 36.0610605713889
0.49500000000000033 36.39682621482538
0.5000000000000003 36.731648319123856
0.5050000000000003 37.065518607679884
0.5100000000000003 37.39842882851313
0.5150000000000003 37.73037075447128
0.5200000000000004 38.06133618343323
0.5250000000000004 38.391316938511615
0.5300000000000004 38.720304868254786
0.5350000000000004 39.04829184684799
0.5400000000000004 39.375269774314
0.5450000000000004 39.70123057671303
0.5500000000000004 40.026166206342005
0.5550000000000004 40.350068641933134
0.5600000000000004 40.67292988885175
0.5650000000000004 40.99474197929364
0.5700000000000004 41.315496972481455
0.5750000000000004 41.63518695486061
0.5800000000000004 41.95380404029435
0.5850000000000004 42.27134037025824
0.5900000000000004 42.587788114033806
0.5950000000000004 42.9031394689016
0.6000000000000004 43.2173866603334
0.6050000000000004 43.530521942183846
0.6100000000000004 43.8425375968812
0.6150000000000004 44.153425935617484
0.6200000000000004 44.46317929853779
0.6250000000000004 44.77179005492892
0.6300000000000004 45.079250603407246
0.6350000000000005 45.38555337210581
0.6400000000000005 45.690690818860695
0.6450000000000005 45.99465543139659
0.6500000000000005 46.29743972751163
0.6550000000000005 46.5990362552615
0.6600000000000005 46.89943759314262
0.6650000000000005 47.19863635027474
0.6700000000000005 47.496625166582604
0.6750000000000005 47.793396712976886
0.6800000000000005 48.08894369153437
0.6850000000000005 48.383258835677225
0.6900000000000005 48.67633491035159
0.6950000000000005 48.96816471220531
0.7000000000000005 49.25874106976482
0.7050000000000005 49.54805684361127
0.7100000000000005 49.83610492655586
0.7150000000000005 50.12287824381422
0.7200000000000005 50.40836975318011
0.7250000000000005 50.69257244519822
0.7300000000000005 50.97547934333609
0.7350000000000005 51.257083504155325
0.7400000000000005 51.53737801748181
0.7450000000000006 51.816356006575155
0.7500000000000006 52.094010628297305
0.7550000000000006 52.37033507328027
0.7600000000000006 52.645322566092965
0.7650000000000006 52.9189663654072
0.7700000000000006 53.19125976416285
0.7750000000000006 53.46219608973209
0.7800000000000006 53.73176870408278
0.7850000000000006 53.99997100394096
0.7900000000000006 54.26679642095248
0.7950000000000006 54.5322384218437
0.8000000000000006 54.79629050858135
0.8050000000000006 55.05894621853143
0.8100000000000006 55.32019912461726
0.8150000000000006 55.58004283547664
0.8200000000000006 55.83847099561804
0.8250000000000006 56.095477285575875
0.8300000000000006 56.351055422064974
0.8350000000000006 56.60519915813397
0.8400000000000006 56.85790228331795
0.8450000000000006 57.10915862378994
0.8500000000000006 57.35896204251171
0.8550000000000006 57.60730643938349
0.8600000000000007 57.85418575139279
0.8650000000000007 58.09959395276223
0.8700000000000007 58.343525055096535
0.8750000000000007 58.58597310752848
0.8800000000000007 58.82693219686391
0.8850000000000007 59.066396447725836
0.8900000000000007 59.30436002269753
0.8950000000000007 59.54081712246465
0.9000000000000007 59.77576198595647
0.9050000000000007 60.009188890486044
0.9100000000000007 60.24109215188946
0.9150000000000007 60.47146612466409
0.9200000000000007 60.7003052021059
0.9250000000000007 60.927603816445675
0.9300000000000007 61.15335643898443
0.9350000000000007 61.37755758022762
0.9400000000000007 61.600201790018545
0.9450000000000007 61.821283657670634
0.9500000000000007 62.04079781209876
0.9550000000000007 62.25873892194964
0.9600000000000007 62.47510169573104
0.9650000000000007 62.68988088194017
0.9700000000000008 62.903071269190946
0.9750000000000008 63.11466768634027
0.9800000000000008 63.32466500261332
0.9850000000000008 63.53305812772773
0.9900000000000008 63.739842012016815
0.9950000000000008 63.94501164655186
1.0000000000000007 64.14856206326313
1.0050000000000006 64.35048833506008
1.0100000000000005 64.55078557595041
1.0150000000000003 64.74944894115812
1.0200000000000002 64.94647362724052
1.0250000000000001 65.14185487220419
1.03 65.33558795561983
1.035 65.52766819873625
1.0399999999999998 65.71809096459302
1.0449999999999997 65.90685165813238
1.0499999999999996 66.09394572630978
1.0549999999999995 66.27936865820364
1.0599999999999994 66.46311598512382
1.0649999999999993 66.64518328071915
1.0699999999999992 66.82556616108393
1.074999999999999 67.00426028486314
1.079999999999999 67.18126135335687
1.0849999999999989 67.35656511062348
1.0899999999999987 67.53016734358167
1.0949999999999986 67.70206388211157
1.0999999999999985 67.87225059915477
1.1049999999999984 68.04072341081307
1.1099999999999983 68.20747827644635
1.1149999999999982 68.37251119876926
1.119999999999998 68.53581822394676
1.124999999999998 68.69739544168868
1.129999999999998 68.85723898534316
1.1349999999999978 69.01534503198886
1.1399999999999977 69.17170980252625
1.1449999999999976 69.32632956176771
1.1499999999999975 69.4792006185264
1.1549999999999974 69.6303193257043
1.1599999999999973 69.77968208037898
1.1649999999999971 69.92728532388904
1.169999999999997 70.07312554191897
1.174999999999997 70.21719926458235
1.1799999999999968 70.35950306650422
1.1849999999999967 70.50003356690235
1.1899999999999966 70.63878742966712
1.1949999999999965 70.7757613634407
1.1999999999999964 70.91095212169462
1.2049999999999963 71.04435650280666
1.2099999999999962 71.17597135013628
1.214999999999996 71.30579355209908
1.219999999999996 71.43382004224006
1.2249999999999959 71.56004779930582
1.2299999999999958 71.68447384731554
1.2349999999999957 71.80709525563091
1.2399999999999956 71.92790913902476
1.2449999999999954 72.04691265774876
1.2499999999999953 72.1641030175998
1.2549999999999952 72.27947746998535
1.2599999999999951 72.39303331198755
1.264999999999995 72.5047678864263
1.269999999999995 72.61467858192101
1.2749999999999948 72.72276283295146
1.2799999999999947 72.82901811991721
1.2849999999999946 72.93344196919604
1.2899999999999945 73.03603195320127
1.2949999999999944 73.13678569043779
1.2999999999999943 73.23570084555698
1.3049999999999942 73.33277512941046
1.309999999999994 73.42800629910282
1.314999999999994 73.5213921580429
1.3199999999999938 73.61293055599427
1.3249999999999937 73.70261938912415
1.3299999999999936 73.79045660005156
1.3349999999999935 73.87644017789395
1.3399999999999934 73.96056815831291
1.3449999999999933 74.04283862355865
1.3499999999999932 74.1232497025132
1.354999999999993 74.20179957073262
1.359999999999993 74.27848645048788
1.3649999999999929 74.35330861080463
1.3699999999999928 74.4262643675019
1.3749999999999927 74.49735208322939
1.3799999999999926 74.56657016750383
1.3849999999999925 74.63391707674397
1.3899999999999924 74.69939131430458
1.3949999999999922 74.7629914305091
1.3999999999999921 74.82471602268122
1.404999999999992 74.88456373517519
1.409999999999992 74.94253325940512
1.4149999999999918 74.99862333387291
1.4199999999999917 75.05283274419507
1.4249999999999916 75.10516032312843
1.4299999999999915 75.15560495059457
1.4349999999999914 75.20416555370309
1.4399999999999913 75.2508411067738
1.4449999999999912 75.29563063135751
1.449999999999991 75.33853319625588
1.454999999999991 75.37954791753997
1.4599999999999909 75.41867395856748
1.4649999999999908 75.45591052999914
1.4699999999999906 75.49125688981357
1.4749999999999905 75.52471234332113
1.4799999999999904 75.55627624317661
1.4849999999999903 75.58594798939059
1.4899999999999902 75.61372702933978
1.4949999999999901 75.63961285777611
1.49999999999999 75.6636050168345
1.50499999999999 75.6857030960397
1.5099999999999898 75.7059067323118
1.5149999999999897 75.72421560997053
1.5199999999999896 75.74062946073836
1.5249999999999895 75.75514806374261
1.5299999999999894 75.7677712455161
1.5349999999999893 75.77849887999682
1.5399999999999892 75.7873308885263
1.544999999999989 75.79426723984687
1.549999999999989 75.79930795009768
1.5549999999999888 75.80245308280958
1.5599999999999887 75.80370274889873
1.5649999999999886 75.8030571066592
1.5699999999999885 75.80051636175413
1.5749999999999884 75.79608076720605
1.5799999999999883 75.78975062338556
1.5849999999999882 75.78152627799932
1.589999999999988 75.77140812607651
1.594999999999988 75.7593966099542
1.5999999999999879 75.74549221926166
1.6049999999999878 75.7296954909033
1.6099999999999877 75.71200700904058
1.6149999999999876 75.69242740507256
1.6199999999999875 75.67095735761562
1.6249999999999873 75.64759759248153
1.6299999999999872 75.62234888265472
1.6349999999999871 75.59521204826821
1.639999999999987 75.56618795657836
1.644999999999987 75.53527752193855
1.6499999999999868 75.50248170577152
1.6549999999999867 75.46780151654066
1.6599999999999866 75.43123800972019
1.6649999999999865 75.39279228776385
1.6699999999999864 75.3524655000729
1.6749999999999863 75.31025884296247
1.6799999999999862 75.2661735596271
1.684999999999986 75.2202109401049
1.689999999999986 75.17237232124066
1.6949999999999859 75.1226590866477
1.6999999999999857 75.07107266666864
1.7049999999999856 75.01761453833493
1.7099999999999855 74.96228622532527
1.7149999999999854 74.90508929792296
1.7199999999999853 74.84602537297171
1.7249999999999852 74.78509611383082
1.729999999999985 74.72230323032886
1.734999999999985 74.65764847871627
1.739999999999985 74.59113366161678
1.7449999999999848 74.52276062797772
1.7499999999999847 74.4525312730192
1.7549999999999846 74.38044753818207
1.7599999999999845 74.30651141107475
1.7649999999999844 74.23072492541897
1.7699999999999843 74.15309016099424
1.7749999999999841 74.0736092435813
1.779999999999984 73.99228434490435
1.784999999999984 73.9091176825722
1.7899999999999838 73.82411152001815
1.7949999999999837 73.73726816643894
1.7999999999999836 73.64858997673234
1.8049999999999835 73.55807935143376
1.8099999999999834 73.46573873665162
1.8149999999999833 73.3715706240017
1.8199999999999832 73.27557755054032
1.824999999999983 73.17776209869619
1.829999999999983 73.07812689620151
1.8349999999999829 72.97667461602168
1.8399999999999828 72.87340797628391
1.8449999999999827 72.76832974020475
1.8499999999999825 72.66144271601655
1.8549999999999824 72.55274975689271
1.8599999999999823 72.44225376087189
1.8649999999999822 72.32995767078098
1.8699999999999821 72.21586447415719
1.874999999999982 72.09997720316876
1.879999999999982 71.98229893453474
1.8849999999999818 71.8628327894436
1.8899999999999817 71.74158193347078
1.8949999999999816 71.6185495764951
1.8999999999999815 71.49373897261403
1.9049999999999814 71.36715342005796
1.9099999999999813 71.23879626110333
1.9149999999999812 71.10867088198468
1.919999999999981 70.97678071280548
1.924999999999981 70.84312922744816
1.9299999999999808 70.70771994348274
1.9349999999999807 70.57055642207459
1.9399999999999806 70.43164226789102
1.9449999999999805 70.2909811290068
1.9499999999999804 70.14857669680862
1.9549999999999803 70.00443270589848
1.9599999999999802 69.858552933996
1.96499999999998 69.71094120183962
1.96999999999998 69.56160137308684
1.9749999999999799 69.41053735421325
1.9799999999999798 69.25775309441069
1.9849999999999797 69.10325258548414
1.9899999999999796 68.94703986174774
1.9949999999999795 68.7891189999196
1.9999999999999793 68.62949411901569
2.0049999999999795 68.46816938024264
2.0099999999999794 68.30514898688944
2.0149999999999793 68.14043718421819
2.019999999999979 67.9740382593537
2.024999999999979 67.8059565411722
2.029999999999979 67.6361964001889
2.034999999999979 67.46476224844456
2.0399999999999787 67.29165853939102
2.0449999999999786 67.11688976777576
2.0499999999999785 66.94046046952532
2.0549999999999784 66.76237522162785
2.0599999999999783 66.58263864201454
2.064999999999978 66.40125538944012
2.069999999999978 66.2182301633622
2.074999999999978 66.03356770381983
2.079999999999978 65.84727279131084
2.0849999999999778 65.65935024666832
2.0899999999999777 65.46980493093608
2.0949999999999775 65.27864174524301
2.0999999999999774 65.0858656306767
2.1049999999999773 64.89148156815571
2.1099999999999772 64.6954945783012
2.114999999999977 64.49790972130741
2.119999999999977 64.29873209681114
2.124999999999977 64.09796684376037
2.129999999999977 63.89561914028183
2.1349999999999767 63.69169420354765
2.1399999999999766 63.48619728964089
2.1449999999999765 63.27913369342046
2.1499999999999764 63.070508748384675
2.1549999999999763 62.860327826534125
2.159999999999976 62.64859633823351
2.164999999999976 62.43531973207256
2.169999999999976 62.22050349472594
2.174999999999976 62.00415315081234
2.1799999999999757 61.7862742627525
2.1849999999999756 61.566872430626354
2.1899999999999755 61.3459532920293
2.1949999999999754 61.12352252192749
2.1999999999999753 60.89958583251222
2.204999999999975 60.67414897305335
2.209999999999975 60.447217729751905
2.214999999999975 60.21879792559171
2.219999999999975 59.98889542019011
2.2249999999999748 59.75751610964783
2.2299999999999747 59.52466592639794
2.2349999999999746 59.290350839053815
2.2399999999999745 59.054576852256425
2.2449999999999743 58.817350006520506
2.2499999999999742 58.57867637807996
2.254999999999974 58.33856207873246
2.259999999999974 58.09701325568296
2.264999999999974 57.85403609138659
2.269999999999974 57.60963680339047
2.2749999999999737 57.36382164417482
2.2799999999999736 57.116596900993095
2.2849999999999735 56.86796889571135
2.2899999999999734 56.61794398464675
2.2949999999999733 56.366528558405136
2.299999999999973 56.11372904171787
2.304999999999973 55.85955189327783
2.309999999999973 55.60400360557445
2.314999999999973 55.3470907047281
2.3199999999999728 55.08881975032355
2.3249999999999726 54.82919733524257
2.3299999999999725 54.56823008549582
2.3349999999999724 54.30592466005391
2.3399999999999723 54.042287750677524
2.344999999999972 53.777326081746935
2.349999999999972 53.51104641009058
2.354999999999972 53.24345552481289
2.359999999999972 52.97456024712131
2.364999999999972 52.704367430152615
2.3699999999999717 52.4328839587983
2.3749999999999716 52.16011674952933
2.3799999999999715 51.886072750220045
2.3849999999999714 51.61075893997129
2.3899999999999713 51.33418232893287
2.394999999999971 51.05634995812507
2.399999999999971 50.77726889925969
2.404999999999971 50.496946254560044
2.409999999999971 50.215389156580414
2.4149999999999707 49.932604768024646
2.4199999999999706 49.6486002815641
2.4249999999999705 49.36338291965483
2.4299999999999704 49.07695993435401
2.4349999999999703 48.78933860713565
2.43999999999997 48.50052624870564
2.44499999999997 48.21053019881608
2.44999999999997 47.919357826078816
2.45499999999997 47.627016527778316
2.4599999999999698 47.333513729683936
2.4649999999999697 47.03885688586137
2.4699999999999696 46.74305347848346
2.4749999999999694 46.44611101764032
2.4799999999999693 46.148037041148825
2.4849999999999692 45.84883911436135
2.489999999999969 45.54852482997383
2.494999999999969 45.24710180783329
2.499999999999969 44.94457769474457
2.504999999999969 44.64096016427645
2.5099999999999687 44.33625691656716
2.5149999999999686 44.03047567812915
2.5199999999999685 43.72362420165335
2.5249999999999684 43.41571026581268
2.5299999999999683 43.10674167506497
2.534999999999968 42.79672625945532
2.539999999999968 42.4856718744177
2.544999999999968 42.17358640057608
2.549999999999968 41.860477743544855
2.5549999999999677 41.546353833728716
2.5599999999999676 41.23122262612185
2.5649999999999675 40.915092100106676
2.5699999999999674 40.59797025925186
2.5749999999999673 40.27986513110981
2.579999999999967 39.960784767013564
2.584999999999967 39.64073724187315
2.589999999999967 39.319730653971334
2.594999999999967 38.99777312475881
2.599999999999967 38.67487279864881
2.6049999999999667 38.351037842811266
2.6099999999999666 38.026276446966264
2.6149999999999665 37.700596823177065
2.6199999999999664 37.374007205642584
2.6249999999999662 37.04651585048928
2.629999999999966 36.718131035562564
2.634999999999966 36.38886106021767
2.639999999999966 36.05871424511
2.644999999999966 35.72769893198498
2.6499999999999657 35.3958234834674
2.6549999999999656 35.063096282850246
2.6599999999999655 34.72952573388304
2.6649999999999654 34.39512026055965
2.6699999999999653 34.05988830690576
2.674999999999965 33.72383833676566
2.679999999999965 33.386978833588685
2.684999999999965 33.04931830021516
2.689999999999965 32.71086525866192
2.6949999999999648 32.37162824990723
2.6999999999999647 32.03161583367548
2.7049999999999645 31.690836588221224
2.7099999999999644 31.34929911011287
2.7149999999999643 31.007012014015952
2.7199999999999642 30.663983932475922
2.724999999999964 30.32022351570055
2.729999999999964 29.975739431341875
2.734999999999964 29.63054036427778
2.739999999999964 29.284635016393135
2.7449999999999637 28.938032106360517
2.7499999999999636 28.59074036942057
2.7549999999999635 28.242768557161956
2.7599999999999634 27.894125437300932
2.7649999999999633 27.544819793460505
2.769999999999963 27.194860424949265
2.774999999999963 26.844256146539816
2.779999999999963 26.493015788246844
2.784999999999963 26.141148195104844
2.7899999999999627 25.788662226945462
2.7949999999999626 25.43556675817453
2.7999999999999625 25.08187067754874
2.8049999999999624 24.72758288795194
2.8099999999999623 24.37271230617119
2.814999999999962 24.017267862672412
2.819999999999962 23.661258501375755
2.824999999999962 23.304693179430647
2.829999999999962 22.947580866990528
2.8349999999999618 22.58993054698727
2.8399999999999617 22.231751214905355
2.8449999999999616 21.873051878555675
2.8499999999999615 21.51384155784913
2.8549999999999613 21.154129284569883
2.8599999999999612 20.7939241021484
2.864999999999961 20.43323506543414
2.869999999999961 20.07207124046808
2.874999999999961 19.710441704254904
2.879999999999961 19.348355544534986
2.8849999999999607 18.985821859556104
2.8899999999999606 18.622849757844918
2.8949999999999605 18.259448357978233
2.8999999999999604 17.895626788354004
2.9049999999999603 17.53139418696214
2.90999999999996 17.16675970115509
2.91499999999996 16.801732487418196
2.91999999999996 16.43632171113987
2.92499999999996 16.07053654638155
2.9299999999999597 15.704386175647484
2.9349999999999596 15.337879789654295
2.9399999999999595 14.971026587100388
2.9449999999999594 14.603835774435177
2.9499999999999593 14.236316565628131
2.954999999999959 13.868478181937666
2.959999999999959 13.500329851679872
2.964999999999959 13.13188080999709
2.969999999999959 12.763140298626343
2.974999999999959 12.394117565667608
2.9799999999999587 12.024821865351987
2.9849999999999586 11.655262457809707
2.9899999999999585 11.285448608838026
2.9949999999999584 10.91538958966902
2.9999999999999583 10.54509467673722
3.004999999999958 10.174573151447198
3.009999999999958 9.803834299941007
3.014999999999958 9.432887412865554
3.019999999999958 9.061741785139864
3.0249999999999577 8.690406715722263
3.0299999999999576 8.318891507377504
3.0349999999999575 7.947205466443804
3.0399999999999574 7.575357902599799
3.0449999999999573 7.20335812863148
3.049999999999957 6.831215460199041
3.054999999999957 6.458939215603682
3.059999999999957 6.086538715554393
3.064999999999957 5.714023282934666
3.0699999999999568 5.34140224256921
3.0749999999999567 4.968684920990615
3.0799999999999566 4.5958806462060116
3.0849999999999564 4.222998747463708
3.0899999999999563 3.8500485550198293
3.0949999999999562 3.477039399904944
3.099999999999956 3.1039806136907018
3.104999999999956 2.7308815282564805
3.109999999999956 2.3577514755560425
3.114999999999956 1.9845997873842225
3.1199999999999557 1.611435795143635
3.1249999999999556 1.2382688296114162
3.1299999999999555 0.8651082207060073
3.1349999999999554 0.4919632972539819
3.1399999999999553 0.11884338675692176
3.144999999999955 -0.2542421848416487
3.149999999999955 -0.6272840933892662
3.154999999999955 -1.0002730167574645
3.159999999999955 -1.3731996350746374
3.1649999999999547 -1.7460546309588183
3.1699999999999546 -2.118828689750381
3.1749999999999545 -2.491512499744642
3.1799999999999544 -2.8640967524243686
3.1849999999999543 -3.2365721426921894
3.189999999999954 -3.60892936910288
3.194999999999954 -3.9811591340955594
3.199999999999954 -4.35325214422574
3.204999999999954 -4.725199110397267
3.209999999999954 -5.096990748094127
3.2149999999999537 -5.4686177776121045
3.2199999999999536 -5.840070924290313
3.2249999999999535 -6.211340918742564
3.2299999999999534 -6.582418497088587
3.2349999999999532 -6.953294401185084
3.239999999999953 -7.3239593788566255
3.244999999999953 -7.694404184126365
3.249999999999953 -8.064619577446585
3.254999999999953 -8.434596325929045
3.2599999999999527 -8.804325203575152
3.2649999999999526 -9.173796991505945
3.2699999999999525 -9.543002478191845
3.2749999999999524 -9.911932459682236
3.2799999999999523 -10.280577739834808
3.284999999999952 -10.648929130544694
3.289999999999952 -11.01697745197338
3.294999999999952 -11.384713532777392
3.299999999999952 -11.752128210336718
3.3049999999999518 -12.119212330983041
3.3099999999999516 -12.485956750227684
3.3149999999999515 -12.852352332989309
3.3199999999999514 -13.218389953821374
3.3249999999999513 -13.584060497139312
3.329999999999951 -13.949354857447448
3.334999999999951 -14.314263939565633
3.339999999999951 -14.67877865885561
3.344999999999951 -15.042889941447083
3.349999999999951 -15.406588724463498
3.3549999999999507 -15.76986595624753
3.3599999999999506 -16.132712596586252
3.3649999999999505 -16.49511961693602
3.3699999999999504 -16.857078000647036
3.3749999999999503 -17.21857874318755
3.37999999999995 -17.57961285236782
3.38499999999995 -17.940171348563666
3.38999999999995 -18.300245264939715
3.39499999999995 -18.65982564767231
3.3999999999999497 -19.018903556172063
3.4049999999999496 -19.377470063306074
3.4099999999999495 -19.735516255619718
3.4149999999999494 -20.09303323355821
3.4199999999999493 -20.45001211168765
3.424999999999949 -20.80644401891577
3.429999999999949 -21.162320098712303
3.434999999999949 -21.517631509328943
3.439999999999949 -21.872369424018917
3.4449999999999488 -22.226525031256166
3.4499999999999487 -22.58008953495413
3.4549999999999486 -22.933054154684104
3.4599999999999485 -23.285410125893208
3.4649999999999483 -23.6371487001219
3.4699999999999482 -23.988261145221124
3.474999999999948 -24.338738745568957
3.479999999999948 -24.68857280228688
3.484999999999948 -25.037754633455588
3.489999999999948 -25.386275574330327
3.4949999999999477 -25.73412697755584
3.4999999999999476 -26.08130021338079
3.5049999999999475 -26.427786669871786
3.5099999999999474 -26.77357775312688
3.5149999999999473 -27.11866488748864
3.519999999999947 -27.463039515756734
3.524999999999947 -27.806693099399986
3.529999999999947 -28.149617118768035
3.534999999999947 -28.491803073302407
3.5399999999999467 -28.833242481747153
3.5449999999999466 -29.17392688235896
3.5499999999999465 -29.513847833116735
3.5549999999999464 -29.852996911930713
3.5599999999999463 -30.191365716851017
3.564999999999946 -30.52894586627571
3.569999999999946 -30.865728999158293
3.574999999999946 -31.201706775214703
3.579999999999946 -31.53687087512976
3.584999999999946 -31.871213000763053
3.5899999999999457 -32.20472487535425
3.5949999999999456 -32.53739824372797
3.5999999999999455 -32.869224872497945
3.6049999999999454 -33.200196550270725
3.6099999999999453 -33.5303050878487
3.614999999999945 -33.85954231843277
3.619999999999945 -34.18790009782413
3.624999999999945 -34.51537030462569
3.629999999999945 -34.841944840442856
3.6349999999999447 -35.16761563008369
3.6399999999999446 -35.49237462175842
3.6449999999999445 -35.816213787278514
3.6499999999999444 -36.139125122254946
3.6549999999999443 -36.46110064629595
3.659999999999944 -36.78213240320418
3.664999999999944 -37.10221246117316
3.669999999999944 -37.42133291298319
3.674999999999944 -37.73948587619653
3.6799999999999438 -38.05666349335203
3.6849999999999437 -38.372857932159086
3.6899999999999435 -38.68806138569088
3.6949999999999434 -39.00226607257708
3.6999999999999433 -39.31546423719586
3.7049999999999432 -39.62764814986511
3.709999999999943 -39.9388101070332
3.714999999999943 -40.24894243146892
3.719999999999943 -40.55803747245083
3.724999999999943 -40.86608760595578
3.7299999999999427 -41.173085234847
3.7349999999999426 -41.479022789061204
3.7399999999999425 -41.783892725795276
3.7449999999999424 -42.08768752969201
3.7499999999999423 -42.39039971302533
3.754999999999942 -42.6920218158847
3.759999999999942 -42.99254640635884
3.764999999999942 -43.29196608071878
3.769999999999942 -43.5902734636001
3.7749999999999417 -43.887461208184476
3.7799999999999416 -44.183521996380556
3.7849999999999415 -44.47844853900401
3.7899999999999414 -44.77223357595688
3.7949999999999413 -45.06486987640622
3.799999999999941 -45.35635023896188
3.804999999999941 -45.646667491853655
3.809999999999941 -45.93581449310765
3.814999999999941 -46.22378413072179
3.8199999999999408 -46.51056932284067
3.8249999999999407 -46.79616301792958
3.8299999999999406 -47.08055819494782
3.8349999999999405 -47.36374786352113
3.8399999999999403 -47.64572506411338
3.8449999999999402 -47.92648286819753
3.84999999999994 -48.20601437842575
3.85499999999994 -48.484312728798706
3.85999999999994 -48.76137108483409
3.86499999999994 -49.03718264373439
3.8699999999999397 -49.311740634553715
3.8749999999999396 -49.585038318363985
3.8799999999999395 -49.857068988420124
3.8849999999999394 -50.12782597032459
3.8899999999999393 -50.39730262219094
3.894999999999939 -50.66549233480672
3.899999999999939 -50.932388531795354
3.904999999999939 -51.19798466977731
3.909999999999939 -51.462274238530405
3.9149999999999388 -51.72525076114925
3.9199999999999386 -51.986907794203795
3.9249999999999385 -52.24723892789719
3.9299999999999384 -52.50623778622253
3.9349999999999383 -52.76389802711904
3.939999999999938 -53.02021334262708
3.944999999999938 -53.27517745904259
3.949999999999938 -53.52878413707038
3.954999999999938 -53.781027171976774
3.959999999999938 -54.03190039374127
3.9649999999999377 -54.28139766720728
3.9699999999999376 -54.52951289223207
3.9749999999999375 -54.77624000383574
3.9799999999999374 -55.02157297234936
3.9849999999999373 -55.2655058035622
3.989999999999937 -55.50803253886801
3.994999999999937 -55.749147255410485
3.999999999999937 -55.988844066227685
4.004999999999937 -56.227117120395725
4.009999999999937 -56.4639606031714
4.014999999999937 -56.6993687361339
4.0199999999999365 -56.93333577732576
4.024999999999936 -57.16585602139267
4.029999999999936 -57.39692379972245
4.034999999999936 -57.62653348058322
4.039999999999936 -57.85467946926037
4.044999999999936 -58.08135620819279
4.049999999999936 -58.306558177108116
4.054999999999936 -58.53027989315702
4.059999999999936 -58.752515911046494
4.0649999999999356 -58.973260823172275
4.0699999999999354 -59.192509259750274
4.074999999999935 -59.41025588894703
4.079999999999935 -59.62649541700922
4.084999999999935 -59.841222588392185
4.089999999999935 -60.05443218588757
4.094999999999935 -60.266119030749834
4.099999999999935 -60.476277982821934
4.104999999999935 -60.68490394065999
4.109999999999935 -60.89199184165692
4.1149999999999345 -61.097536662165126
4.119999999999934 -61.30153341761821
4.124999999999934 -61.50397716265173
4.129999999999934 -61.70486299122282
4.134999999999934 -61.90418603672902
4.139999999999934 -62.10194147212591
4.144999999999934 -62.2981245100439
4.149999999999934 -62.49273040290395
4.154999999999934 -62.68575444303223
4.1599999999999335 -62.87719196277394
4.164999999999933 -63.06703833460583
4.169999999999933 -63.25528897124807
4.174999999999933 -63.44193932577478
4.179999999999933 -63.62698489172375
4.184999999999933 -63.810421203204996
4.189999999999933 -63.9922438350084
4.194999999999933 -64.17244840271029
4.199999999999933 -64.35103056277894
4.204999999999933 -64.5279860126791
4.2099999999999325 -64.70331049097541
4.214999999999932 -64.87699977743492
4.219999999999932 -65.04904969312845
4.224999999999932 -65.21945610053088
4.229999999999932 -65.38821490362055
4.234999999999932 -65.5553220479774
4.239999999999932 -65.72077352088027
4.244999999999932 -65.88456535140303
4.249999999999932 -66.0466936105097
4.2549999999999315 -66.20715441114837
4.259999999999931 -66.36594390834435
4.264999999999931 -66.523058299292
4.269999999999931 -66.6784938234456
4.274999999999931 -66.83224676260916
4.279999999999931 -66.9843134410251
4.284999999999931 -67.13469022546195
4.289999999999931 -67.28337352530093
4.294999999999931 -67.43035979262142
4.2999999999999305 -67.57564552228548
4.30499999999993 -67.7192272520211
4.30999999999993 -67.86110156250449
4.31499999999993 -68.00126507744136
4.31999999999993 -68.13971446364694
4.32499999999993 -68.27644643112504
4.32999999999993 -68.41145773314597
4.33499999999993 -68.54474516632342
4.33999999999993 -68.67630557069016
4.34499999999993 -68.80613582977274
4.3499999999999295 -68.93423287066506
4.354999999999929 -69.0605936641008
4.359999999999929 -69.18521522452481
4.364999999999929 -69.30809461016345
4.369999999999929 -69.42922892309363
4.374999999999929 -69.54861530931099
4.379999999999929 -69.66625095879681
4.384999999999929 -69.78213310558382
4.389999999999929 -69.89625902782112
4.3949999999999285 -70.00862604783757
4.399999999999928 -70.1192315322045
4.404999999999928 -70.22807289179711
4.409999999999928 -70.33514758185467
4.414999999999928 -70.44045310203978
4.419999999999928 -70.54398699649649
4.424999999999928 -70.64574685390707
4.429999999999928 -70.74573030754807
4.434999999999928 -70.84393503534488
4.439999999999928 -70.94035875992536
4.4449999999999275 -71.03499924867229
4.449999999999927 -71.12785431377479
4.454999999999927 -71.21892181227842
4.459999999999927 -71.3081996461344
4.464999999999927 -71.39568576224742
4.469999999999927 -71.4813781525226
4.474999999999927 -71.56527485391118
4.479999999999927 -71.64737394845501
4.484999999999927 -71.7276735633301
4.4899999999999265 -71.80617187088887
4.494999999999926 -71.88286708870132
4.499999999999926 -71.9577574795951
4.504999999999926 -72.03084135169439
4.509999999999926 -72.10211705845772
4.514999999999926 -72.1715829987145
4.519999999999926 -72.23923761670065
4.524999999999926 -72.30507940209284
4.529999999999926 -72.36910689004176
4.5349999999999255 -72.43131866120419
4.539999999999925 -72.49171334177394
4.544999999999925 -72.55028960351163
4.549999999999925 -72.60704616377335
4.554999999999925 -72.66198178553812
4.559999999999925 -72.71509527743439
4.564999999999925 -72.76638549376507
4.569999999999925 -72.81585133453177
4.574999999999925 -72.8634917454577
4.579999999999925 -72.9093057180093
4.5849999999999245 -72.95329228941716
4.589999999999924 -72.99545054269524
4.594999999999924 -73.03577960665939
4.599999999999924 -73.0742786559445
4.604999999999924 -73.11094691102052
4.609999999999924 -73.14578363820743
4.614999999999924 -73.17878814968896
4.619999999999924 -73.2099598035252
4.624999999999924 -73.23929800366405
4.6299999999999235 -73.26680219995157
4.634999999999923 -73.29247188814114
4.639999999999923 -73.31630660990145
4.644999999999923 -73.33830595282333
4.649999999999923 -73.35846955042561
4.654999999999923 -73.37679708215954
4.659999999999923 -73.39328827341227
4.664999999999923 -73.40794289550912
4.669999999999923 -73.42076076571475
4.6749999999999226 -73.43174174723302
4.6799999999999224 -73.44088574920596
4.684999999999922 -73.4481927267113
4.689999999999922 -73.45366268075917
4.694999999999922 -73.45729565828726
4.699999999999922 -73.45909175215529
4.704999999999922 -73.45905110113793
4.709999999999922 -73.45717388991679
4.714999999999922 -73.45346034907128
4.719999999999922 -73.44791075506812
4.7249999999999215 -73.44052543024995
4.729999999999921 -73.43130474282266
4.734999999999921 -73.42024910684152
4.739999999999921 -73.40735898219638
4.744999999999921 -73.3926348745955
4.749999999999921 -73.37607733554832
4.754999999999921 -73.35768696234713
4.759999999999921 -73.33746439804756
4.764999999999921 -73.31541033144784
4.7699999999999205 -73.29152549706717
4.77499999999992 -73.26581067512262
4.77999999999992 -73.23826669150517
4.78499999999992 -73.2088944177544
4.78999999999992 -73.17769477103221
4.79499999999992 -73.14466871409532
4.79999999999992 -73.10981725526659
4.80499999999992 -73.07314144840531
4.80999999999992 -73.03464239287625
4.81499999999992 -72.99432123351767
4.8199999999999195 -72.95217916060811
4.824999999999919 -72.90821740983216
4.829999999999919 -72.8624372622449
4.834999999999919 -72.81484004423547
4.839999999999919 -72.76542712748926
4.844999999999919 -72.71419992894921
4.849999999999919 -72.66115991077572
4.854999999999919 -72.60630858030572
4.859999999999919 -72.5496474900103
4.8649999999999185 -72.49117823745155
4.869999999999918 -72.43090246523798
4.874999999999918 -72.36882186097905
4.879999999999918 -72.30493815723841
4.884999999999918 -72.2392531314861
4.889999999999918 -72.17176860604964
4.894999999999918 -72.10248644806396
4.899999999999918 -72.0314085694203
4.904999999999918 -71.95853692671382
4.9099999999999175 -71.88387352119031
4.914999999999917 -71.80742039869168
4.919999999999917 -71.72917964960031
4.924999999999917 -71.64915340878238
4.929999999999917 -71.56734385553
4.934999999999917 -71.48375321350235
4.939999999999917 -71.39838375066554
4.944999999999917 -71.31123777923162
4.949999999999917 -71.22231765559621
4.954999999999917 -71.13162578027527
4.9599999999999165 -71.03916459784065
4.964999999999916 -70.94493659685449
4.969999999999916 -70.84894430980273
4.974999999999916 -70.75119031302732
4.979999999999916 -70.65167722665741
4.984999999999916 -70.55040771453953
4.989999999999916 -70.4473844841666
4.994999999999916 -70.34261028660583
4.999999999999916 -70.23608791642562
5.0049999999999155 -70.12782021162131
5.009999999999915 -70.01781005354002
5.014999999999915 -69.90606036680401
5.019999999999915 -69.79257411923352
5.024999999999915 -69.67735432176808
5.029999999999915 -69.56040402838691
5.034999999999915 -69.44172633602844
5.039999999999915 -69.32132438450834
5.044999999999915 -69.19920135643694
5.049999999999915 -69.07536047713528
5.0549999999999145 -68.9498050145502
5.059999999999914 -68.8225382791684
5.064999999999914 -68.69356362392946
5.069999999999914 -68.56288444413771
5.074999999999914 -68.43050417737305
5.079999999999914 -68.29642630340098
5.084999999999914 -68.16065434408112
5.089999999999914 -68.0231918632752
5.094999999999914 -67.88404246675357
5.0999999999999135 -67.74320980210094
5.104999999999913 -67.60069755862105
5.109999999999913 -67.45650946724015
5.114999999999913 -67.31064930040966
5.119999999999913 -67.16312087200767
5.124999999999913 -67.01392803723938
5.129999999999913 -66.8630746925367
5.134999999999913 -66.71056477545665
5.139999999999913 -66.55640226457876
5.1449999999999125 -66.4005911794016
5.149999999999912 -66.24313558023812
5.154999999999912 -66.08403956811009
5.159999999999912 -65.92330728464144
5.164999999999912 -65.76094291195078
5.169999999999912 -65.59695067254266
5.174999999999912 -65.43133482919801
5.179999999999912 -65.26409968486361
5.184999999999912 -65.09524958254035
5.189999999999912 -64.92478890517079
5.1949999999999115 -64.75272207552548
5.199999999999911 -64.57905355608848
5.204999999999911 -64.40378784894177
5.209999999999911 -64.22692949564875
5.214999999999911 -64.04848307713675
5.219999999999911 -63.86845321357856
5.224999999999911 -63.68684456427299
5.229999999999911 -63.50366182752452
5.234999999999911 -63.31890974052182
5.2399999999999105 -63.13259307921558
5.24499999999991 -62.9447166581951
5.24999999999991 -62.75528533056413
5.25499999999991 -62.56430398781564
5.25999999999991 -62.37177755970574
5.26499999999991 -62.17771101412656
5.26999999999991 -61.982109356978214
5.27499999999991 -61.784977632039926
5.27999999999991 -61.58632092084009
5.2849999999999095 -61.386144342525434
5.289999999999909 -61.18445305372929
5.294999999999909 -60.98125224843897
5.299999999999909 -60.7765471578621
5.304999999999909 -60.570343050292124
5.309999999999909 -60.36264523097298
5.314999999999909 -60.153459041962606
5.319999999999909 -59.94278986199584
5.324999999999909 -59.73064310634621
5.329999999999909 -59.517024226686885
5.3349999999999085 -59.30193871095079
5.339999999999908 -59.08539208318973
5.344999999999908 -58.86738990343268
5.349999999999908 -58.64793776754317
5.354999999999908 -58.427041307075854
5.359999999999908 -58.20470618913204
5.364999999999908 -57.980938116214574
5.369999999999908 -57.755742826081644
5.374999999999908 -57.529126091599835
5.3799999999999075 -57.30109372059626
5.384999999999907 -57.07165155570995
5.389999999999907 -56.840805474242174
5.394999999999907 -56.60856138800613
5.399999999999907 -56.374925243175646
5.404999999999907 -56.13990302013309
5.409999999999907 -55.903500733316456
5.414999999999907 -55.665724431065556
5.419999999999907 -55.42658019546744
5.424999999999907 -55.186074142200944
5.4299999999999065 -54.94421242038043
5.434999999999906 -54.70100121239874
5.439999999999906 -54.456446733769255
5.444999999999906 -54.21055523296725
5.449999999999906 -53.96333299127029
5.454999999999906 -53.71478632259797
5.459999999999906 -53.46492157335084
5.464999999999906 -53.21374512224836
5.469999999999906 -52.96126338016632
5.4749999999999055 -52.707482789973255
5.479999999999905 -52.452409826366214
5.484999999999905 -52.19605099570573
5.489999999999905 -51.9384128358499
5.494999999999905 -51.679501915987856
5.499999999999905 -51.419324836472356
5.504999999999905 -51.15788822865167
5.509999999999905 -50.89519875470069
5.514999999999905 -50.63126310745126
5.5199999999999045 -50.366088010221816
5.524999999999904 -50.099680216646206
5.529999999999904 -49.83204651050188
5.534999999999904 -49.56319370553718
5.539999999999904 -49.293128645298054
5.544999999999904 -49.02185820295397
5.549999999999904 -48.74938928112311
5.554999999999904 -48.47572881169684
5.559999999999904 -48.20088375566348
5.564999999999904 -47.92486110293142
5.5699999999999035 -47.647667872151374
5.574999999999903 -47.36931111053807
5.579999999999903 -47.089797893691255
5.584999999999903 -46.809135325415916
5.589999999999903 -46.527330537541815
5.594999999999903 -46.24439068974245
5.599999999999903 -45.96032296935327
5.604999999999903 -45.67513459118915
5.609999999999903 -45.38883279736133
5.6149999999999025 -45.10142485709359
5.619999999999902 -44.81291806653782
5.624999999999902 -44.52331974858889
5.629999999999902 -44.23263725269893
5.634999999999902 -43.94087795469089
5.639999999999902 -43.64804925657155
5.644999999999902 -43.354158586343736
5.649999999999902 -43.059213397818176
5.654999999999902 -42.763221170424416
5.6599999999999016 -42.46618940902135
5.6649999999999014 -42.168125643706986
5.669999999999901 -41.86903742962775
5.674999999999901 -41.56893234678697
5.679999999999901 -41.26781799985302
5.684999999999901 -40.965702017966585
5.689999999999901 -40.662592054547595
5.694999999999901 -40.3584957871014
5.699999999999901 -40.05342091702438
5.704999999999901 -39.74737516940913
5.7099999999999005 -39.4403662928488
5.7149999999999 -39.132402059241144
5.7199999999999 -38.823490263591786
5.7249999999999 -38.51363872381713
5.7299999999999 -38.202855280546544
5.7349999999999 -37.891147796924045
5.7399999999999 -37.5785241584095
5.7449999999999 -37.26499227257928
5.7499999999999 -36.95056006892625
5.7549999999998995 -36.635235498659426
5.759999999999899 -36.31902653450297
5.764999999999899 -36.00194117049472
5.769999999999899 -35.683987421784195
5.774999999999899 -35.36517332443009
5.779999999999899 -35.045506935197274
5.784999999999899 -34.72499633135332
5.789999999999899 -34.403649610464484
5.794999999999899 -34.08147489019121
5.799999999999899 -33.758480308083236
5.8049999999998985 -33.434674021374086
5.809999999999898 -33.110064206775185
5.814999999999898 -32.78465906026949
5.819999999999898 -32.45846679690467
5.824999999999898 -32.13149565058578
5.829999999999898 -31.803753873867528
5.834999999999898 -31.475249737746093
5.839999999999898 -31.145991531450505
5.844999999999898 -30.815987562233556
5.8499999999998975 -30.48524615516233
5.854999999999897 -30.153775652908276
5.859999999999897 -29.821584415536865
5.864999999999897 -29.488680820296842
5.869999999999897 -29.155073261409083
5.874999999999897 -28.820770149854997
5.879999999999897 -28.48577991316461
5.884999999999897 -28.150110995204166
5.889999999999897 -27.813771855963427
5.8949999999998965 -27.47677097134253
5.899999999999896 -27.139116832938484
5.904999999999896 -26.800817947831312
5.909999999999896 -26.461882838369814
5.914999999999896 -26.12232004195696
5.919999999999896 -25.782138110834964
5.924999999999896 -25.441345611869945
5.929999999999896 -25.099951126336332
5.934999999999896 -24.75796324970083
5.939999999999896 -24.41539059140615
5.9449999999998955 -24.07224177465433
5.949999999999895 -23.728525436189777
5.954999999999895 -23.384250226082013
5.959999999999895 -23.039424807508038
5.964999999999895 -22.69405785653445
5.969999999999895 -22.34815806189924
5.974999999999895 -22.001734124793316
5.979999999999895 -21.654794758641682
5.984999999999895 -21.30734868888439
5.9899999999998945 -20.95940465275719
5.994999999999894 -20.61097139907191
5.999999999999894 -20.262057687996567
